timestamp,hex,flight,alt_baro,gs,track,lat,lon,seen,squawk,category
2025-07-22T09:00:01.400000,495149,TAP93ZR,19450,380.7,47.3,39.224171,-8.621826,0.1,5472,A3
2025-07-22T09:00:01.400000,489227,,12375,369.5,115.0,41.34821,-8.405415,50.4,4426,A3
2025-07-22T09:00:01.400000,34520b,IBE0244,37975,503.3,74.9,39.221378,-8.275818,0.0,3343,A5
2025-07-22T09:00:01.400000,495297,TAP5DL,22275,414.7,47.3,39.402745,-8.371521,0.1,4721,A3
2025-07-22T09:00:01.400000,06a0a6,QTR17X,21075,447.1,65.6,39.31311,-7.853612,0.5,5430,A5
2025-07-22T09:00:01.400000,4cad2b,RYR93RD,36000,472.7,32.6,38.922745,-7.705139,1.2,4467,A3
2025-07-22T09:00:01.400000,503cfd,TRA38U,29150,412.8,189.6,38.662704,-7.48999,1.2,3712,A3
2025-07-22T09:00:01.400000,407182,EXS89WN,37000,441.9,185.3,39.210342,-7.484018,0.0,5411,A3
2025-07-22T09:00:01.400000,408032,EXS8WJ,34975,426.8,196.6,39.495105,-8.08551,0.3,7503,A3
2025-07-22T09:00:01.400000,495214,TAP1150,31475,478.6,64.5,39.548126,-7.25032,10.6,3345,A3
2025-07-22T09:00:01.400000,3475c7,,33000,,,,,20.2,,A5
2025-07-22T09:00:01.400000,4cafc2,,36175,,,38.857956,-7.844955,0.3,2202,A3
2025-07-22T09:00:01.400000,4951d7,,,,,,,100.5,,A3
2025-07-22T09:00:01.400000,4ca73f,,,,,,,2.6,,A3
2025-07-22T09:00:01.400000,0d0ed6,,,,,,,263.9,,A5
2025-07-22T09:00:01.400000,34758c,,35000,430.2,206.5,38.163525,-7.904305,50.0,,A3
2025-07-22T09:00:01.400000,405b66,,31850,434.3,184.4,38.490647,-7.574402,15.6,2031,A3
2025-07-22T09:00:01.400000,405a47,,,,,,,92.3,,A3
2025-07-22T09:00:01.400000,490036,,ground,0.0,,39.54911,-8.867952,22.9,,
2025-07-22T09:01:01.600000,484c5a,TRA15U,37000,434.6,192.1,,,19.3,3355,
2025-07-22T09:01:01.600000,495149,TAP93ZR,22000,389.2,47.3,39.296839,-8.52063,0.1,5472,A3
2025-07-22T09:01:01.600000,489227,,,,,,,110.6,,A3
2025-07-22T09:01:01.600000,34520b,IBE0244,37975,504.1,75.1,39.257401,-8.102536,0.1,3343,A5
2025-07-22T09:01:01.600000,495297,TAP5DL,24000,430.3,47.4,39.482803,-8.25933,0.0,4721,A3
2025-07-22T09:01:01.600000,06a0a6,QTR17X,22500,454.8,65.9,39.364014,-7.707447,0.9,5430,A5
2025-07-22T09:01:01.600000,4cad2b,,36000,472.7,32.6,38.957657,-7.676458,43.3,4467,A3
2025-07-22T09:01:01.600000,503cfd,TRA38U,28850,396.5,189.6,38.577746,-7.508301,16.3,3712,A3
2025-07-22T09:01:01.600000,407182,EXS89WN,37000,441.9,185.3,39.092847,-7.498169,0.2,5411,A3
2025-07-22T09:01:01.600000,408032,EXS8WJ,35000,426.5,196.5,39.380074,-8.129517,0.0,7503,A3
2025-07-22T09:01:01.600000,495214,TAP1150,33250,476.8,64.7,39.624207,-7.04343,0.8,3345,A3
2025-07-22T09:01:01.600000,3475c7,,,,,,,44.9,,A5
2025-07-22T09:01:01.600000,4cafc2,,,,,,,18.0,,A3
2025-07-22T09:01:01.600000,4951d7,,,,,,,160.7,,A3
2025-07-22T09:01:01.600000,4ca73f,,,,,,,62.8,,A3
2025-07-22T09:01:01.600000,34758c,,,,,,,35.6,,A3
2025-07-22T09:01:01.600000,405b66,,,,,,,49.1,,A3
2025-07-22T09:01:01.600000,405a47,,,,,,,152.5,,A3
2025-07-22T09:01:01.600000,490036,,ground,0.0,,39.549105,-8.867966,11.2,,
2025-07-22T09:02:00.800000,4d2242,,4775,,,,,17.7,,
2025-07-22T09:02:00.800000,484c5a,,37000,,,,,0.4,,
2025-07-22T09:02:00.800000,495149,TAP93ZR,23925,407.6,47.4,39.371384,-8.416423,0.0,5472,A3
2025-07-22T09:02:00.800000,489227,,,,,,,169.8,,A3
2025-07-22T09:02:00.800000,34520b,IBE0244,37975,502.8,75.1,39.291811,-7.93634,0.1,3343,A5
2025-07-22T09:02:00.800000,495297,TAP5DL,25500,443.8,47.5,39.563443,-8.145996,0.0,4721,A3
2025-07-22T09:02:00.800000,06a0a6,QTR17X,23550,463.3,60.9,39.414276,-7.579551,1.0,5430,A5
2025-07-22T09:02:00.800000,4cad2b,RYR93RD,36000,473.8,32.9,39.158157,-7.511185,0.1,4467,A3
2025-07-22T09:02:00.800000,503cfd,,27550,378.5,189.7,38.476364,-7.530352,41.3,,A3
2025-07-22T09:02:00.800000,407182,EXS89WN,37000,441.9,185.3,39.061111,-7.501931,24.6,5411,A3
2025-07-22T09:02:00.800000,408032,EXS8WJ,35000,427.5,196.4,39.268395,-8.17218,0.0,7503,A3
2025-07-22T09:02:00.800000,495214,TAP1150,33375,476.8,64.7,39.628896,-7.030518,45.4,,A3
2025-07-22T09:02:00.800000,3475c7,,,,,,,104.1,,A5
2025-07-22T09:02:00.800000,4cafc2,,34075,422.1,166.9,,,15.9,,A3
2025-07-22T09:02:00.800000,4951d7,,,,,,,219.8,,A3
2025-07-22T09:02:00.800000,4ca73f,,,,,,,122.0,,A3
2025-07-22T09:02:00.800000,34758c,,35025,432.7,208.3,37.883835,-8.093242,7.4,2605,A3
2025-07-22T09:02:00.800000,405b66,,,,,,,108.3,,A3
2025-07-22T09:02:00.800000,405a47,,,,,,,211.6,,A3
2025-07-22T09:02:00.800000,490036,,ground,0.0,,39.54911,-8.867952,1.4,,
2025-07-22T09:03:00.900000,4b1a34,EZS97KT,16675,386.3,48.9,39.230621,-8.645046,0.0,5433,A3
2025-07-22T09:03:00.900000,4d2242,,,,,,,77.9,,
2025-07-22T09:03:00.900000,484c5a,,37000,436.6,192.0,,,22.6,,
2025-07-22T09:03:00.900000,495149,TAP93ZR,25875,420.1,46.0,39.44957,-8.307336,0.0,5472,A3
2025-07-22T09:03:00.900000,489227,,,,,,,230.0,,A3
2025-07-22T09:03:00.900000,34520b,,37975,501.4,75.3,39.306702,-7.863763,0.1,3343,A5
2025-07-22T09:03:00.900000,495297,TAP5DL,27075,450.4,45.3,39.647964,-8.027662,0.3,4721,A3
2025-07-22T09:03:00.900000,06a0a6,,24075,466.8,61.2,39.441101,-7.516977,41.6,5430,A5
2025-07-22T09:03:00.900000,4cad2b,RYR93RD,36000,473.8,32.9,39.261878,-7.424988,0.0,4467,A3
2025-07-22T09:03:00.900000,503cfd,,,,,,,101.5,,A3
2025-07-22T09:03:00.900000,407182,,,,,,,0.1,5411,A3
2025-07-22T09:03:00.900000,408032,EXS8WJ,35000,428.4,196.4,39.156158,-8.214905,0.1,7503,A3
2025-07-22T09:03:00.900000,495214,,,,,,,54.7,,A3
2025-07-22T09:03:00.900000,3475c7,,,,,,,164.2,,A5
2025-07-22T09:03:00.900000,4cafc2,,,,,,,76.1,,A3
2025-07-22T09:03:00.900000,4951d7,,,,,,,280.0,,A3
2025-07-22T09:03:00.900000,4ca73f,,,,,,,182.1,,A3
2025-07-22T09:03:00.900000,34758c,,,,,,,67.6,,A3
2025-07-22T09:03:00.900000,405b66,,,,,,,168.5,,A3
2025-07-22T09:03:00.900000,405a47,,,,,,,271.8,,A3
2025-07-22T09:03:00.900000,490036,,ground,0.0,,39.54911,-8.867952,5.1,,
2025-07-22T09:04:01.100000,4b1a34,EZS97KT,18800,394.7,48.8,39.302984,-8.538635,0.1,5433,A3
2025-07-22T09:04:01.100000,4d2242,,,,,,,138.1,,
2025-07-22T09:04:01.100000,484c5a,,37000,,,,,36.5,3355,
2025-07-22T09:04:01.100000,495149,TAP93ZR,27600,429.9,44.6,39.533112,-8.201354,0.2,5472,A3
2025-07-22T09:04:01.100000,489227,,,,,,,290.1,,A3
2025-07-22T09:04:01.100000,34520b,,37975,501.4,75.3,,,3.4,3343,A5
2025-07-22T09:04:01.100000,495297,TAP5DL,28075,460.4,44.0,39.719833,-7.938159,2.8,4721,A3
2025-07-22T09:04:01.100000,06a0a6,,,,,,,4.5,,A5
2025-07-22T09:04:01.100000,4cad2b,RYR93RD,36000,475.1,32.9,39.379329,-7.327515,0.2,4467,A3
2025-07-22T09:04:01.100000,503cfd,,,,,,,161.7,,A3
2025-07-22T09:04:01.100000,407182,EXS89WN,35425,439.8,185.2,38.723501,-7.541077,0.2,5411,A3
2025-07-22T09:04:01.100000,408032,EXS8WJ,35000,428.4,196.4,39.041016,-8.258435,0.0,7503,A3
2025-07-22T09:04:01.100000,495214,,,,,,,114.8,,A3
2025-07-22T09:04:01.100000,3475c7,,,,,,,224.4,,A5
2025-07-22T09:04:01.100000,4cafc2,,,,,,,136.3,,A3
2025-07-22T09:04:01.100000,4951d7,TAP1922,5475,211.6,332.1,40.950943,-8.588928,0.3,1142,A3
2025-07-22T09:04:01.100000,4ca73f,,,,,,,242.3,,A3
2025-07-22T09:04:01.100000,34758c,,,,,,,127.8,,A3
2025-07-22T09:04:01.100000,405b66,,,,,,,228.7,,A3
2025-07-22T09:04:01.100000,490036,,ground,0.0,,39.54911,-8.867952,1.5,,
2025-07-22T09:05:01.300000,3472c4,VLG8RZ,15025,390.5,48.8,39.221878,-8.659137,0.1,5445,A3
2025-07-22T09:05:01.300000,4b1a34,EZS97KT,20375,414.7,49.0,39.375978,-8.430969,0.0,5433,A3
2025-07-22T09:05:01.300000,4d2242,,,,,,,198.3,,
2025-07-22T09:05:01.300000,484c5a,,,,,,,96.7,,
2025-07-22T09:05:01.300000,495149,TAP93ZR,29000,443.4,44.5,39.620423,-8.090271,0.0,5472,A3
2025-07-22T09:05:01.300000,34520b,IBE0244,37975,505.0,75.6,39.38736,-7.466762,0.4,3343,A5
2025-07-22T09:05:01.300000,495297,TAP5DL,,,,,,39.4,,A3
2025-07-22T09:05:01.300000,06a0a6,,,,,,,64.7,,A5
2025-07-22T09:05:01.300000,4cad2b,RYR93RD,36000,476.5,32.9,39.486603,-7.238139,0.1,4467,A3
2025-07-22T09:05:01.300000,503cfd,,,,,,,221.9,,A3
2025-07-22T09:05:01.300000,407182,,33425,431.7,185.1,38.616714,-7.553578,1.4,5411,A3
2025-07-22T09:05:01.300000,408032,EXS8WJ,35000,429.7,196.5,38.928657,-8.300964,0.0,7503,A3
2025-07-22T09:05:01.300000,495214,,,,,,,175.0,,A3
2025-07-22T09:05:01.300000,3475c7,,,,,,,284.6,,A5
2025-07-22T09:05:01.300000,4cafc2,,28150,,,,,49.2,,A3
2025-07-22T09:05:01.300000,4951d7,TAP1922,4600,210.6,341.7,40.986499,-8.612719,19.2,1142,A3
2025-07-22T09:05:01.300000,34758c,,,,,,,188.0,,A3
2025-07-22T09:05:01.300000,405b66,,,,,,,288.8,,A3
2025-07-22T09:05:01.300000,490036,,ground,0.0,,39.549105,-8.867966,1.3,,
2025-07-22T09:06:01.500000,4bb212,,,,,,,3.2,,
2025-07-22T09:06:01.500000,4cac1e,,,446.4,185.9,,,14.6,,
2025-07-22T09:06:01.500000,4d00ed,LGL371,35000,440.1,210.3,40.519626,-8.205664,1.2,3501,A3
2025-07-22T09:06:01.500000,440dcb,RVP332,7000,93.1,358.2,39.61908,-7.90944,0.8,3255,A2
2025-07-22T09:06:01.500000,3472c4,VLG8RZ,16750,406.8,48.8,39.294846,-8.551901,0.3,5445,A3
2025-07-22T09:06:01.500000,40717b,,37000,,,,,4.2,,
2025-07-22T09:06:01.500000,4b1a34,EZS97KT,21575,440.2,49.0,39.454977,-8.314087,0.1,5433,A3
2025-07-22T09:06:01.500000,4d2242,,,,,,,258.4,,
2025-07-22T09:06:01.500000,484c5a,,,,,,,156.9,,
2025-07-22T09:06:01.500000,495149,TAP93ZR,30400,451.1,44.6,39.708267,-7.977905,0.1,5472,A3
2025-07-22T09:06:01.500000,34520b,IBE0244,37975,505.0,75.6,39.427651,-7.265137,3.0,3343,A5
2025-07-22T09:06:01.500000,495297,,,,,,,99.6,,A3
2025-07-22T09:06:01.500000,06a0a6,,27875,492.4,63.6,,,22.1,5430,A5
2025-07-22T09:06:01.500000,4cad2b,RYR93RD,36000,476.5,32.9,39.586533,-7.15448,0.2,4467,A3
2025-07-22T09:06:01.500000,503cfd,,,,,,,282.1,,A3
2025-07-22T09:06:01.500000,407182,EXS89WN,31925,424.8,185.3,38.525574,-7.564087,3.2,5411,A3
2025-07-22T09:06:01.500000,408032,EXS8WJ,35000,430.4,196.3,38.81987,-8.341907,1.5,7503,A3
2025-07-22T09:06:01.500000,495214,,,,,,,235.2,,A3
2025-07-22T09:06:01.500000,4cafc2,,,,,,,109.4,,A3
2025-07-22T09:06:01.500000,4951d7,,,199.7,349.0,,,32.3,,A3
2025-07-22T09:06:01.500000,34758c,,,,,,,248.2,,A3
2025-07-22T09:06:01.500000,490036,,ground,0.0,,39.549105,-8.867966,0.1,,
2025-07-22T09:07:01.700000,405b6a,EZY57QZ,36000,415.4,204.2,40.43006,-8.054352,5.7,,A3
2025-07-22T09:07:01.700000,4bb212,,,,,,,44.9,,
2025-07-22T09:07:01.700000,4cac1e,RYR81SJ,37000,446.5,186.0,40.800156,-8.74585,3.5,3716,
2025-07-22T09:07:01.700000,4d00ed,LGL371,35000,440.1,210.3,40.412277,-8.287312,0.3,3501,A3
2025-07-22T09:07:01.700000,440dcb,RVP332,7050,95.1,357.0,39.645172,-7.91147,1.1,3255,A2
2025-07-22T09:07:01.700000,3472c4,VLG8RZ,18600,413.2,48.8,39.369736,-8.44168,0.1,5445,A3
2025-07-22T09:07:01.700000,40717b,,37000,444.6,169.4,40.471024,-8.179504,5.3,3746,
2025-07-22T09:07:01.700000,4b1a34,EZS97KT,22975,452.2,48.9,39.536133,-8.193651,0.1,5433,A3
2025-07-22T09:07:01.700000,484c5a,,,,,,,217.1,,
2025-07-22T09:07:01.700000,495149,TAP93ZR,31150,461.7,44.7,39.769856,-7.899048,14.4,5472,A3
2025-07-22T09:07:01.700000,34520b,IBE0244,37975,503.5,75.7,39.461634,-7.093933,1.4,3343,A5
2025-07-22T09:07:01.700000,495297,,31125,481.6,44.4,,,5.6,,A3
2025-07-22T09:07:01.700000,06a0a6,,,,,,,82.3,,A5
2025-07-22T09:07:01.700000,4cad2b,RYR93RD,36000,477.1,33.0,39.662796,-7.0906,26.9,4467,A3
2025-07-22T09:07:01.700000,407182,EXS89WN,29300,411.8,185.3,38.387787,-7.580216,9.4,5411,A3
2025-07-22T09:07:01.700000,408032,,35000,430.4,196.3,38.81987,-8.341907,61.7,7503,A3
2025-07-22T09:07:01.700000,495214,,,,,,,295.4,,A3
2025-07-22T09:07:01.700000,4cafc2,,,,,,,169.6,,A3
2025-07-22T09:07:01.700000,4951d7,,,,,,,92.5,,A3
2025-07-22T09:07:01.700000,490036,,ground,0.0,,39.549105,-8.867966,0.3,,
2025-07-22T09:08:00.800000,495301,TAP7AB,18600,373.4,48.6,39.217712,-8.663974,0.1,2213,A3
2025-07-22T09:08:00.800000,497cdc,,16625,336.5,15.7,,,2.7,,
2025-07-22T09:08:00.800000,4b7fd4,,37000,398.8,236.9,,,10.6,,
2025-07-22T09:08:00.800000,3c0893,SDR32BQ,33000,444.0,210.4,,,0.1,1122,
2025-07-22T09:08:00.800000,505d98,,39000,,,,,4.0,2210,
2025-07-22T09:08:00.800000,405b6a,EZY57QZ,35200,415.0,204.0,40.31326,-8.122205,0.1,5414,A3
2025-07-22T09:08:00.800000,4bb212,,33000,,,39.461426,-6.596335,0.6,,
2025-07-22T09:08:00.800000,4cac1e,RYR81SJ,37000,444.5,186.1,40.641779,-8.767776,0.0,3716,A3
2025-07-22T09:08:00.800000,4d00ed,LGL371,35000,439.7,210.5,40.309662,-8.366028,0.0,3501,A3
2025-07-22T09:08:00.800000,440dcb,RVP332,7075,96.0,0.6,39.670761,-7.91141,2.6,3255,A2
2025-07-22T09:08:00.800000,3472c4,VLG8RZ,20350,419.7,49.1,39.445015,-8.330444,0.1,5445,A3
2025-07-22T09:08:00.800000,40717b,EXS6KA,37000,443.6,169.3,,,14.2,3746,A3
2025-07-22T09:08:00.800000,4b1a34,EZS97KT,24425,461.2,43.4,39.622844,-8.07489,0.0,5433,A3
2025-07-22T09:08:00.800000,484c5a,TRA15U,37000,441.3,191.8,39.564377,-7.222854,2.3,3355,A3
2025-07-22T09:08:00.800000,495149,,31750,,,,,32.4,,A3
2025-07-22T09:08:00.800000,34520b,IBE0244,37975,503.3,75.9,39.502786,-6.884644,0.3,3343,A5
2025-07-22T09:08:00.800000,495297,,32275,,,,,1.2,,A3
2025-07-22T09:08:00.800000,06a0a6,,,,,,,141.5,,A5
2025-07-22T09:08:00.800000,4cad2b,,,,,,,86.1,,A3
2025-07-22T09:08:00.800000,407182,,27050,402.0,185.1,38.387787,-7.580216,5.5,5411,A3
2025-07-22T09:08:00.800000,408032,,,,,,,120.9,,A3
2025-07-22T09:08:00.800000,4cafc2,,,,,,,228.7,,A3
2025-07-22T09:08:00.800000,4951d7,,,,,,,151.6,,A3
2025-07-22T09:08:00.800000,490036,,ground,0.0,,39.54911,-8.867952,1.2,,
2025-07-22T09:09:01,407179,,37000,448.5,168.8,,,7.9,3730,
2025-07-22T09:09:01,345698,,,,,,,1.2,,
2025-07-22T09:09:01,495301,TAP7AB,21025,381.9,48.7,39.286877,-8.562683,0.3,2213,A3
2025-07-22T09:09:01,497cdc,,16725,336.5,15.7,,,57.4,,
2025-07-22T09:09:01,4b7fd4,,37000,,,,,24.6,,
2025-07-22T09:09:01,3c0893,SDR32BQ,32975,444.0,210.2,,,0.5,1122,
2025-07-22T09:09:01,505d98,,39000,435.9,185.4,,,2.6,2210,
2025-07-22T09:09:01,405b6a,EZY57QZ,34075,423.1,203.8,40.211197,-8.181274,2.4,5414,A3
2025-07-22T09:09:01,4bb212,,33000,,,39.461426,-6.596335,19.8,,
2025-07-22T09:09:01,4cac1e,RYR81SJ,37000,443.4,186.0,40.519626,-8.784818,0.4,3716,A3
2025-07-22T09:09:01,4d00ed,LGL371,35000,438.2,210.1,40.203351,-8.446926,0.0,3501,A3
2025-07-22T09:09:01,440dcb,RVP332,7075,98.2,3.5,39.69278,-7.911231,13.4,3255,A2
2025-07-22T09:09:01,3472c4,VLG8RZ,21900,426.7,49.0,39.522105,-8.215881,0.1,5445,A3
2025-07-22T09:09:01,40717b,EXS6KA,37000,446.6,169.4,40.19545,-8.112,0.0,3746,A3
2025-07-22T09:09:01,4b1a34,EZS97KT,25600,465.3,44.1,39.696862,-7.983826,7.7,5433,A3
2025-07-22T09:09:01,484c5a,TRA15U,37000,441.5,191.9,39.497619,-7.240845,17.2,3355,A3
2025-07-22T09:09:01,495149,TAP93ZR,33425,482.2,44.8,39.974762,-7.634705,4.9,5472,A3
2025-07-22T09:09:01,34520b,,37975,503.0,76.0,39.536682,-6.710139,0.1,3343,A5
2025-07-22T09:09:01,495297,,32275,496.4,44.7,,,44.6,4721,A3
2025-07-22T09:09:01,06a0a6,,,,,,,201.7,,A5
2025-07-22T09:09:01,4cad2b,,,,,,,146.2,,A3
2025-07-22T09:09:01,407182,,27050,402.0,185.1,,,65.7,,A3
2025-07-22T09:09:01,408032,,,,,,,181.1,,A3
2025-07-22T09:09:01,4cafc2,,,,,,,288.9,,A3
2025-07-22T09:09:01,4951d7,,,,,,,211.8,,A3
2025-07-22T09:09:01,490036,,ground,0.0,,39.54911,-8.867952,3.5,,
2025-07-22T09:10:01.200000,4d0226,,,,,,,2.6,,
2025-07-22T09:10:01.200000,407179,,37000,,,,,5.3,,
2025-07-22T09:10:01.200000,345698,ANE8223,35000,424.4,235.1,39.437943,-6.82251,0.0,3762,
2025-07-22T09:10:01.200000,495301,TAP7AB,23075,396.1,48.8,39.357915,-8.458374,0.3,2213,A3
2025-07-22T09:10:01.200000,497cdc,,,,,,,117.6,,
2025-07-22T09:10:01.200000,4b7fd4,,35500,,,,,12.8,,
2025-07-22T09:10:01.200000,3c0893,SDR32BQ,33000,446.0,210.2,,,0.0,1122,
2025-07-22T09:10:01.200000,505d98,,39000,,,,,2.4,2210,
2025-07-22T09:10:01.200000,405b6a,EZY57QZ,31150,428.1,203.7,40.098175,-8.246155,0.0,5414,A3
2025-07-22T09:10:01.200000,4bb212,,,,,,,79.9,,
2025-07-22T09:10:01.200000,4cac1e,RYR81SJ,37000,442.3,185.8,40.397003,-8.801453,0.4,3716,A3
2025-07-22T09:10:01.200000,4d00ed,LGL371,35000,438.2,210.1,40.098541,-8.526306,0.0,3501,A3
2025-07-22T09:10:01.200000,440dcb,,7050,,,39.714087,-7.907288,28.4,3255,A2
2025-07-22T09:10:01.200000,3472c4,VLG8RZ,23225,439.5,49.1,39.600778,-8.098877,0.4,5445,A3
2025-07-22T09:10:01.200000,40717b,EXS6KA,37000,446.6,169.4,40.086784,-8.085625,2.8,3746,A3
2025-07-22T09:10:01.200000,4b1a34,,,,,,,42.8,,A3
2025-07-22T09:10:01.200000,484c5a,TRA15U,37000,440.3,191.8,39.319519,-7.28907,0.7,3355,A3
2025-07-22T09:10:01.200000,495149,TAP93ZR,33775,480.1,44.9,39.99939,-7.602844,11.7,5472,A3
2025-07-22T09:10:01.200000,34520b,IBE0244,37975,503.7,76.1,39.564049,-6.568359,6.5,3343,A5
2025-07-22T09:10:01.200000,495297,,,,,,,14.4,,A3
2025-07-22T09:10:01.200000,06a0a6,,,,,,,261.8,,A5
2025-07-22T09:10:01.200000,4cad2b,,,,,,,206.4,,A3
2025-07-22T09:10:01.200000,407182,,,,,,,125.8,,A3
2025-07-22T09:10:01.200000,408032,,,,,,,241.2,,A3
2025-07-22T09:10:01.200000,4951d7,,,,,,,272.0,,A3
2025-07-22T09:10:01.200000,490036,,ground,0.0,,39.54911,-8.867952,0.6,,
2025-07-22T09:11:01.400000,4bb065,,28700,411.7,280.4,,,29.0,4011,
2025-07-22T09:11:01.400000,4d0226,,,470.0,240.0,,,51.9,,
2025-07-22T09:11:01.400000,407179,,37000,,,,,45.2,,
2025-07-22T09:11:01.400000,345698,ANE8223,35000,423.6,235.0,39.434447,-6.828918,57.2,,
2025-07-22T09:11:01.400000,495301,TAP7AB,24900,413.9,48.9,39.432725,-8.347778,0.1,2213,A3
2025-07-22T09:11:01.400000,497cdc,,,,,,,177.8,,
2025-07-22T09:11:01.400000,4b7fd4,,,385.8,236.8,,,58.0,,
2025-07-22T09:11:01.400000,3c0893,SDR32BQ,33000,446.0,210.2,,,0.2,1122,
2025-07-22T09:11:01.400000,505d98,,39000,435.0,185.5,,,0.8,2210,
2025-07-22T09:11:01.400000,405b6a,EZY57QZ,28900,424.2,190.6,39.992661,-8.302307,0.4,5414,A3
2025-07-22T09:11:01.400000,4bb212,,,,,,,140.1,,
2025-07-22T09:11:01.400000,4cac1e,RYR81SJ,37000,441.4,186.0,40.275604,-8.81781,0.4,3716,A3
2025-07-22T09:11:01.400000,4d00ed,LGL371,35000,437.7,210.0,39.992562,-8.606228,0.3,3501,A3
2025-07-22T09:11:01.400000,440dcb,,,,,,,88.5,,A2
2025-07-22T09:11:01.400000,3472c4,VLG8RZ,24475,448.3,44.3,39.684014,-7.980652,0.0,5445,A3
2025-07-22T09:11:01.400000,40717b,EXS6KA,37000,446.6,169.4,39.959277,-8.054726,4.6,3746,A3
2025-07-22T09:11:01.400000,4b1a34,,,,,,,103.0,,A3
2025-07-22T09:11:01.400000,484c5a,TRA15U,37000,438.3,191.8,39.198753,-7.321472,0.1,3355,A3
2025-07-22T09:11:01.400000,495149,,35100,,,,,52.0,,A3
2025-07-22T09:11:01.400000,34520b,,38000,501.6,76.2,39.584015,-6.463961,31.7,3343,A5
2025-07-22T09:11:01.400000,495297,,,,,,,74.6,,A3
2025-07-22T09:11:01.400000,4cad2b,,,,,,,20.0,,A3
2025-07-22T09:11:01.400000,407182,,,,,,,186.0,,A3
2025-07-22T09:11:01.400000,490036,,ground,0.0,,39.549105,-8.867966,2.0,,
2025-07-22T09:12:01.600000,4bb065,,,,,,,89.2,,
2025-07-22T09:12:01.600000,4d0226,,33000,,,,,19.7,,
2025-07-22T09:12:01.600000,407179,,,,,,,105.4,,
2025-07-22T09:12:01.600000,345698,ANE8223,35000,,,,,3.8,3762,A3
2025-07-22T09:12:01.600000,495301,TAP7AB,26775,417.9,44.7,39.509491,-8.237,0.1,2213,A3
2025-07-22T09:12:01.600000,497cdc,,,,,,,238.0,,
2025-07-22T09:12:01.600000,4b7fd4,,31400,402.7,236.5,,,0.2,,
2025-07-22T09:12:01.600000,3c0893,SDR32BQ,33000,446.0,210.1,39.986696,-8.596115,0.0,1122,
2025-07-22T09:12:01.600000,505d98,,39000,436.2,185.8,40.016211,-7.374448,0.0,2210,
2025-07-22T09:12:01.600000,405b6a,EZY57QZ,27475,404.1,213.0,39.876938,-8.338742,0.2,5414,A3
2025-07-22T09:12:01.600000,4bb212,,,,,,,3.0,,
2025-07-22T09:12:01.600000,4cac1e,RYR81SJ,37000,440.3,185.9,40.152515,-8.834693,0.0,3716,A3
2025-07-22T09:12:01.600000,4d00ed,LGL371,35000,436.4,210.0,39.885957,-8.686157,0.1,3501,A3
2025-07-22T09:12:01.600000,440dcb,,,,,,,148.7,,A2
2025-07-22T09:12:01.600000,3472c4,VLG8RZ,24750,450.5,44.0,39.703379,-7.95636,44.7,5445,A3
2025-07-22T09:12:01.600000,40717b,EXS6KA,37000,447.6,169.4,39.852127,-8.028856,0.3,3746,A3
2025-07-22T09:12:01.600000,4b1a34,,28850,,,,,14.5,,A3
2025-07-22T09:12:01.600000,484c5a,TRA15U,37000,437.2,191.7,39.089676,-7.350749,0.5,3355,A3
2025-07-22T09:12:01.600000,495149,,36000,,,40.219162,-7.316528,31.9,,A3
2025-07-22T09:12:01.600000,34520b,,,,,,,91.9,,A5
2025-07-22T09:12:01.600000,495297,,,,,,,134.8,,A3
2025-07-22T09:12:01.600000,4cad2b,,36000,,,,,1.4,,A3
2025-07-22T09:12:01.600000,407182,,,,,,,246.2,,A3
2025-07-22T09:12:01.600000,490036,,ground,0.0,,39.549105,-8.867966,2.0,,
2025-07-22T09:13:00.700000,49530b,TAP552N,18150,372.6,64.7,39.081395,-8.556152,0.0,5436,A3
2025-07-22T09:13:00.700000,4bb065,,,,,,,148.3,,
2025-07-22T09:13:00.700000,4d0226,,,,,,,31.7,,
2025-07-22T09:13:00.700000,407179,,,,,,,164.5,,
2025-07-22T09:13:00.700000,345698,ANE8223,35000,420.6,234.9,39.271142,-7.12854,10.5,3762,A3
2025-07-22T09:13:00.700000,495301,TAP7AB,28150,431.3,44.8,39.591794,-8.132263,0.1,2213,A3
2025-07-22T09:13:00.700000,497cdc,,,364.3,16.1,,,24.7,,
2025-07-22T09:13:00.700000,4b7fd4,SUI541,29075,404.1,236.5,40.455139,-7.708618,1.7,2747,A2
2025-07-22T09:13:00.700000,3c0893,SDR32BQ,33000,446.0,210.1,39.886004,-8.673889,0.0,1122,
2025-07-22T09:13:00.700000,505d98,,39000,437.2,185.8,40.001733,-7.376321,49.0,2210,
2025-07-22T09:13:00.700000,405b6a,EZY57QZ,26500,403.0,213.8,39.786242,-8.41803,0.1,5414,A3
2025-07-22T09:13:00.700000,4bb212,,27650,411.9,243.0,39.208969,-7.238498,11.7,,
2025-07-22T09:13:00.700000,4cac1e,RYR81SJ,37000,439.5,186.1,40.032669,-8.851135,0.0,3716,A3
2025-07-22T09:13:00.700000,4d00ed,LGL371,35000,436.9,210.1,39.783463,-8.763149,0.0,3501,A3
2025-07-22T09:13:00.700000,440dcb,,,,,,,207.9,,A2
2025-07-22T09:13:00.700000,3472c4,,,,,,,103.9,,A3
2025-07-22T09:13:00.700000,40717b,EXS6KA,37000,449.5,169.5,39.707662,-7.994141,0.0,3746,A3
2025-07-22T09:13:00.700000,4b1a34,,29525,,,,,40.0,,A3
2025-07-22T09:13:00.700000,484c5a,TRA15U,37000,437.2,191.7,39.044266,-7.36293,31.3,3355,A3
2025-07-22T09:13:00.700000,495149,,,,,,,91.1,,A3
2025-07-22T09:13:00.700000,34520b,,,,,,,151.0,,A5
2025-07-22T09:13:00.700000,495297,,,,,,,194.0,,A3
2025-07-22T09:13:00.700000,4cad2b,,36000,,,,,51.2,,A3
2025-07-22T09:13:00.700000,490036,,ground,0.0,,39.54911,-8.867952,0.3,,
2025-07-22T09:14:00.900000,407f0e,RUK4ZP,37000,429.0,190.3,40.415176,-8.370483,0.4,5270,A3
2025-07-22T09:14:00.900000,40772f,,37000,441.2,185.7,,,11.3,,
2025-07-22T09:14:00.900000,49530b,TAP552N,20375,389.6,64.3,39.126597,-8.433716,0.1,5436,A3
2025-07-22T09:14:00.900000,4bb065,,,,,,,208.5,,
2025-07-22T09:14:00.900000,4d0226,,,,,,,91.9,,
2025-07-22T09:14:00.900000,407179,,,,,,,224.7,,
2025-07-22T09:14:00.900000,345698,ANE8223,35000,417.8,233.1,39.168503,-7.311939,0.3,3762,A3
2025-07-22T09:14:00.900000,495301,TAP7AB,29450,443.4,44.7,39.6788,-8.020813,0.3,2213,A3
2025-07-22T09:14:00.900000,497cdc,,23450,372.0,17.4,,,0.4,,
2025-07-22T09:14:00.900000,4b7fd4,,26850,421.3,236.4,40.393284,-7.830693,1.2,2747,A2
2025-07-22T09:14:00.900000,3c0893,SDR32BQ,33000,448.0,210.1,39.772882,-8.755188,0.4,1122,
2025-07-22T09:14:00.900000,505d98,,,,,,,109.1,,
2025-07-22T09:14:00.900000,405b6a,EZY57QZ,25500,393.0,213.7,39.692963,-8.49894,0.1,5414,A3
2025-07-22T09:14:00.900000,4bb212,,26350,407.0,242.8,39.167284,-7.343628,2.0,,
2025-07-22T09:14:00.900000,4cac1e,RYR81SJ,37000,440.4,186.0,39.912048,-8.867639,0.0,3716,A3
2025-07-22T09:14:00.900000,4d00ed,LGL371,35000,436.4,210.0,39.677636,-8.842102,0.0,3501,A3
2025-07-22T09:14:00.900000,440dcb,,,,,,,268.1,,A2
2025-07-22T09:14:00.900000,3472c4,,,,,,,164.1,,A3
2025-07-22T09:14:00.900000,40717b,EXS6KA,37000,451.5,169.5,39.582949,-7.964233,0.0,3746,A3
2025-07-22T09:14:00.900000,4b1a34,,31175,490.7,45.0,,,2.6,,A3
2025-07-22T09:14:00.900000,484c5a,,,,,,,91.5,,A3
2025-07-22T09:14:00.900000,495149,,,,,,,151.2,,A3
2025-07-22T09:14:00.900000,34520b,,,,,,,211.2,,A5
2025-07-22T09:14:00.900000,495297,,,,,,,254.1,,A3
2025-07-22T09:14:00.900000,4cad2b,,,,,,,111.4,,A3
2025-07-22T09:14:00.900000,490036,,ground,0.0,,39.549105,-8.867966,1.6,,
2025-07-22T09:15:01.100000,407f0e,RUK4ZP,37000,429.0,190.3,40.297943,-8.398499,0.1,5270,A3
2025-07-22T09:15:01.100000,40772f,,,,,,,71.5,,
2025-07-22T09:15:01.100000,49530b,TAP552N,22700,398.1,64.4,39.173289,-8.308533,0.2,5436,A3
2025-07-22T09:15:01.100000,4bb065,,,,,,,268.7,,
2025-07-22T09:15:01.100000,4d0226,,28850,450.8,243.1,,,2.2,,
2025-07-22T09:15:01.100000,407179,,,,,,,284.9,,
2025-07-22T09:15:01.100000,345698,ANE8223,35000,417.8,233.1,39.112381,-7.40789,1.4,3762,A3
2025-07-22T09:15:01.100000,495301,TAP7AB,30525,449.7,44.8,39.751007,-7.928188,2.8,2213,A3
2025-07-22T09:15:01.100000,497cdc,,23550,371.9,18.3,,,55.5,,
2025-07-22T09:15:01.100000,4b7fd4,SUI541,24825,424.3,236.5,40.335373,-7.944988,1.9,2747,A2
2025-07-22T09:15:01.100000,3c0893,SDR32BQ,33000,446.0,210.1,39.666277,-8.839783,0.0,1122,
2025-07-22T09:15:01.100000,505d98,,39000,439.2,185.7,39.669479,-7.418637,0.4,2210,
2025-07-22T09:15:01.100000,405b6a,EZY57QZ,24525,389.1,213.9,39.603711,-8.576416,0.0,5414,A3
2025-07-22T09:15:01.100000,4bb212,,,,,,,12.3,,
2025-07-22T09:15:01.100000,4cac1e,RYR81SJ,37000,441.4,186.0,39.788524,-8.884277,0.0,3716,A3
2025-07-22T09:15:01.100000,4d00ed,LGL371,35000,437.2,209.9,39.572056,-8.920593,0.0,3501,A3
2025-07-22T09:15:01.100000,3472c4,,29825,444.8,44.4,,,1.9,5445,A3
2025-07-22T09:15:01.100000,40717b,EXS6KA,37000,452.5,169.6,39.460423,-7.934998,0.0,3746,A3
2025-07-22T09:15:01.100000,4b1a34,EZS97KT,32175,499.2,45.0,40.264023,-7.252686,7.0,5433,A3
2025-07-22T09:15:01.100000,484c5a,,35000,437.2,191.7,38.725342,-7.447656,0.1,3355,A3
2025-07-22T09:15:01.100000,495149,,,,,,,211.4,,A3
2025-07-22T09:15:01.100000,34520b,,,,,,,271.4,,A5
2025-07-22T09:15:01.100000,4cad2b,,,,,,,171.6,,A3
2025-07-22T09:15:01.100000,490036,,ground,0.0,,39.549105,-8.867966,1.0,,
2025-07-22T09:16:00.200000,4952c4,,20300,374.9,48.8,39.208855,-8.67688,0.1,,
2025-07-22T09:16:00.200000,347691,AEA088,40675,514.9,76.2,39.381285,-8.738159,0.1,4401,A5
2025-07-22T09:16:00.200000,407f0e,RUK4ZP,37000,430.0,190.3,40.181657,-8.426139,0.0,5270,A3
2025-07-22T09:16:00.200000,40772f,,37025,445.1,185.5,,,0.6,,
2025-07-22T09:16:00.200000,49530b,TAP552N,24600,410.6,64.6,39.221238,-8.17865,0.3,5436,A3
2025-07-22T09:16:00.200000,4bb065,,19725,,,,,46.4,,
2025-07-22T09:16:00.200000,4d0226,,26375,,,,,1.3,,
2025-07-22T09:16:00.200000,407179,EXS19PR,33075,459.5,169.0,40.458922,-8.201419,0.2,3730,A3
2025-07-22T09:16:00.200000,345698,,35000,416.4,233.1,39.073471,-7.474345,5.0,3762,A3
2025-07-22T09:16:00.200000,495301,,,449.7,44.8,,,61.9,,A3
2025-07-22T09:16:00.200000,497cdc,,,,,,,46.1,,
2025-07-22T09:16:00.200000,4b7fd4,,23575,424.3,236.5,40.299621,-8.016087,38.1,2747,A2
2025-07-22T09:16:00.200000,3c0893,SDR32BQ,33000,446.0,210.1,39.562419,-8.913086,3.7,1122,
2025-07-22T09:16:00.200000,505d98,,39000,440.0,185.5,39.557053,-7.432967,1.7,2210,
2025-07-22T09:16:00.200000,405b6a,EZY57QZ,23525,383.0,213.6,39.51503,-8.652928,0.1,5414,A3
2025-07-22T09:16:00.200000,4bb212,,,,,,,71.4,,
2025-07-22T09:16:00.200000,4cac1e,RYR81SJ,37000,441.4,186.0,39.669908,-8.900269,0.0,3716,A3
2025-07-22T09:16:00.200000,4d00ed,,35000,436.7,209.8,39.537506,-8.946274,3.8,3501,A3
2025-07-22T09:16:00.200000,3472c4,,29825,,,,,61.0,5445,A3
2025-07-22T09:16:00.200000,40717b,EXS6KA,37000,453.7,169.5,39.33827,-7.905823,0.1,3746,A3
2025-07-22T09:16:00.200000,4b1a34,EZS97KT,33625,496.4,45.2,40.385559,-7.093689,0.7,5433,A3
2025-07-22T09:16:00.200000,484c5a,TRA15U,33125,426.6,189.3,38.623764,-7.473987,7.4,3355,A3
2025-07-22T09:16:00.200000,495149,,,,,,,270.6,,A3
2025-07-22T09:16:00.200000,4cad2b,,,,,,,230.7,,A3
2025-07-22T09:16:00.200000,490036,,ground,0.0,,39.54911,-8.867952,0.7,,
2025-07-22T09:17:00.400000,34654b,PVG3235,9200,301.9,85.6,,,16.4,5434,A3
2025-07-22T09:17:00.400000,3c56f6,,30125,465.9,5.2,38.685235,-7.927856,3.8,5444,
2025-07-22T09:17:00.400000,4951d3,,19675,387.1,171.7,,,1.2,,
2025-07-22T09:17:00.400000,4952c4,TAP940,22600,389.7,48.7,39.285154,-8.565063,0.0,4707,A3
2025-07-22T09:17:00.400000,4ca6a9,,37000,420.0,242.3,,,15.3,,
2025-07-22T09:17:00.400000,347691,AEA088,40000,514.7,76.3,39.414942,-8.560913,0.1,4401,A5
2025-07-22T09:17:00.400000,407f0e,RUK4ZP,37000,430.9,190.3,40.062973,-8.454407,0.0,5270,A3
2025-07-22T09:17:00.400000,40772f,,37000,445.1,185.5,40.189224,-7.349854,4.4,1172,
2025-07-22T09:17:00.400000,49530b,TAP552N,26125,423.6,64.7,39.263926,-8.062683,2.6,5436,A3
2025-07-22T09:17:00.400000,4bb065,,,,,,,106.6,,
2025-07-22T09:17:00.400000,4d0226,,26125,436.9,242.9,,,52.2,,
2025-07-22T09:17:00.400000,407179,EXS19PR,33000,458.7,168.8,40.332393,-8.169022,0.0,3730,A3
2025-07-22T09:17:00.400000,345698,,35000,,,,,0.7,,A3
2025-07-22T09:17:00.400000,495301,,,,,,,122.1,,A3
2025-07-22T09:17:00.400000,497cdc,,,,,,,106.3,,
2025-07-22T09:17:00.400000,4b7fd4,,20025,381.4,237.3,40.208378,-8.201294,1.1,,A2
2025-07-22T09:17:00.400000,3c0893,SDR32BQ,33000,434.8,209.3,39.453022,-8.995728,1.6,1122,
2025-07-22T09:17:00.400000,505d98,,39000,440.1,185.6,39.448242,-7.446641,0.3,2210,
2025-07-22T09:17:00.400000,405b6a,EZY57QZ,22525,380.0,213.7,39.427092,-8.728577,0.1,5414,A3
2025-07-22T09:17:00.400000,4bb212,THY5AU,21250,358.7,244.2,39.000487,-7.764465,0.1,2064,
2025-07-22T09:17:00.400000,4cac1e,RYR81SJ,37000,442.3,185.8,39.615097,-8.907583,14.0,3716,A3
2025-07-22T09:17:00.400000,4d00ed,,35000,437.6,209.7,,,27.1,3501,A3
2025-07-22T09:17:00.400000,3472c4,,30000,489.3,44.7,,,0.1,,A3
2025-07-22T09:17:00.400000,40717b,EXS6KA,37000,454.5,169.6,39.215326,-7.876831,0.0,3746,A3
2025-07-22T09:17:00.400000,4b1a34,EZS97KT,34550,493.6,45.2,40.428726,-7.036987,16.0,5433,A3
2025-07-22T09:17:00.400000,484c5a,TRA15U,30500,430.3,185.9,38.502457,-7.490049,6.1,3355,A3
2025-07-22T09:17:00.400000,4cad2b,,,,,,,290.9,,A3
2025-07-22T09:17:00.400000,490036,,ground,0.0,,39.54911,-8.867952,1.9,,
2025-07-22T09:18:00.600000,4076e2,,35000,,,,,1.3,,
2025-07-22T09:18:00.600000,4867b0,,29475,456.6,7.2,38.080765,-8.013124,13.7,5431,
2025-07-22T09:18:00.600000,440dcb,RVP332,7000,101.2,4.0,39.947453,-7.888246,0.0,3255,A2
2025-07-22T09:18:00.600000,34654b,,,,,,,76.5,,A3
2025-07-22T09:18:00.600000,3c56f6,EWG8XJ,31300,474.0,5.2,38.814514,-7.913082,0.1,5444,A3
2025-07-22T09:18:00.600000,4951d3,,20625,410.4,171.6,40.723434,-8.669312,13.2,2260,
2025-07-22T09:18:00.600000,4952c4,TAP940,24650,407.5,48.9,39.359253,-8.45601,0.1,4707,A3
2025-07-22T09:18:00.600000,4ca6a9,,,,,,,8.6,,
2025-07-22T09:18:00.600000,347691,AEA088,40000,515.2,76.5,39.449203,-8.379165,0.0,4401,A5
2025-07-22T09:18:00.600000,407f0e,RUK4ZP,37000,431.9,190.3,39.944892,-8.482444,0.0,5270,A3
2025-07-22T09:18:00.600000,40772f,EZY45DH,37025,446.2,185.7,40.016693,-7.372437,11.1,1172,A3
2025-07-22T09:18:00.600000,49530b,TAP552N,27900,436.6,64.8,39.322357,-7.903051,0.1,5436,A3
2025-07-22T09:18:00.600000,4bb065,,,,,,,166.8,,
2025-07-22T09:18:00.600000,4d0226,,,,,,,43.5,,
2025-07-22T09:18:00.600000,407179,EXS19PR,33000,458.7,168.8,40.206935,-8.136937,0.2,3730,A3
2025-07-22T09:18:00.600000,345698,,35000,418.4,233.0,38.891922,-7.782978,1.4,3762,A3
2025-07-22T09:18:00.600000,495301,,32650,480.1,44.9,,,42.4,,A3
2025-07-22T09:18:00.600000,497cdc,,,,,,,166.5,,
2025-07-22T09:18:00.600000,4b7fd4,,17175,363.5,237.9,40.148698,-8.324266,4.3,2747,A2
2025-07-22T09:18:00.600000,3c0893,,33025,466.5,210.2,39.353819,-9.070923,7.4,1122,
2025-07-22T09:18:00.600000,505d98,EXS17MB,39000,439.1,185.6,39.291253,-7.46637,0.1,2210,A3
2025-07-22T09:18:00.600000,405b6a,EZY57QZ,21900,373.6,213.6,39.373627,-8.774733,21.1,5414,A3
2025-07-22T09:18:00.600000,4bb212,THY5AU,19825,339.9,243.8,38.960266,-7.870239,3.9,2064,A3
2025-07-22T09:18:00.600000,4cac1e,,37000,443.3,185.8,39.45813,-8.928541,7.8,3716,A3
2025-07-22T09:18:00.600000,4d00ed,,,,,,,87.3,,A3
2025-07-22T09:18:00.600000,3472c4,VLG8RZ,30000,490.0,44.8,40.317352,-7.17334,0.7,5445,A3
2025-07-22T09:18:00.600000,40717b,EXS6KA,37000,453.5,169.6,39.092288,-7.847839,0.0,3746,A3
2025-07-22T09:18:00.600000,4b1a34,,,,,,,53.3,,A3
2025-07-22T09:18:00.600000,484c5a,TRA15U,28675,429.2,185.8,38.401932,-7.503195,9.9,3355,A3
2025-07-22T09:18:00.600000,490036,,ground,0.0,,39.549105,-8.867966,0.5,,
2025-07-22T09:19:00.800000,4076e2,,35000,432.8,186.5,,,40.3,,
2025-07-22T09:19:00.800000,4867b0,,,,,,,73.9,,
2025-07-22T09:19:00.800000,440dcb,RVP332,7000,101.2,4.0,39.952713,-7.887747,32.4,3255,A2
2025-07-22T09:19:00.800000,34654b,,,,,,,136.7,,A3
2025-07-22T09:19:00.800000,3c56f6,,32525,475.7,15.2,38.978073,-7.882213,0.0,5444,A3
2025-07-22T09:19:00.800000,4951d3,,,,,,,73.3,,
2025-07-22T09:19:00.800000,4952c4,TAP940,26950,414.4,44.8,39.437939,-8.348572,0.1,4707,A3
2025-07-22T09:19:00.800000,4ca6a9,RYR44TX,37000,421.8,242.5,,,39.3,2622,A3
2025-07-22T09:19:00.800000,347691,AEA088,39975,516.1,76.6,39.482483,-8.200816,0.0,4401,A5
2025-07-22T09:19:00.800000,407f0e,RUK4ZP,37000,432.1,190.4,39.827208,-8.510193,0.2,5270,A3
2025-07-22T09:19:00.800000,40772f,,,,,,,71.3,,A3
2025-07-22T09:19:00.800000,49530b,TAP552N,29450,441.6,64.9,39.37381,-7.76208,0.0,5436,A3
2025-07-22T09:19:00.800000,4bb065,,,,,,,227.0,,
2025-07-22T09:19:00.800000,4d0226,,,,,,,59.9,,
2025-07-22T09:19:00.800000,407179,EXS19PR,33000,458.5,168.9,40.08934,-8.107239,0.5,3730,A3
2025-07-22T09:19:00.800000,345698,ANE8223,35000,424.0,232.9,38.819865,-7.904907,0.1,3762,A3
2025-07-22T09:19:00.800000,495301,,,,,,,41.0,,A3
2025-07-22T09:19:00.800000,497cdc,,,,,,,226.7,,
2025-07-22T09:19:00.800000,4b7fd4,SUI541,14225,347.5,236.9,40.095722,-8.432506,0.7,2747,A2
2025-07-22T09:19:00.800000,3c0893,,33225,456.5,210.8,39.239393,-9.15387,4.2,,
2025-07-22T09:19:00.800000,505d98,EXS17MB,39000,438.0,185.5,39.17308,-7.481152,0.0,2210,A3
2025-07-22T09:19:00.800000,405b6a,,,,,,,81.3,,A3
2025-07-22T09:19:00.800000,4bb212,THY5AU,18200,322.0,243.8,38.917764,-7.981384,0.0,2064,A3
2025-07-22T09:19:00.800000,4cac1e,,,,,,,44.2,3716,A3
2025-07-22T09:19:00.800000,4d00ed,,,,,,,147.5,,A3
2025-07-22T09:19:00.800000,3472c4,,30000,491.4,44.8,40.324173,-7.164429,1.5,5445,A3
2025-07-22T09:19:00.800000,40717b,EXS6KA,37000,452.5,169.6,38.97344,-7.819885,0.0,3746,A3
2025-07-22T09:19:00.800000,4b1a34,,36000,,,,,1.7,,A3
2025-07-22T09:19:00.800000,484c5a,,27875,,,,,27.6,3355,A3
2025-07-22T09:19:00.800000,490036,,ground,0.0,,39.54911,-8.867952,2.4,,
2025-07-22T09:20:01,406e9f,,,,,,,21.2,2054,
2025-07-22T09:20:01,4076e2,,35025,,,,,0.5,,
2025-07-22T09:20:01,4867b0,,31375,478.6,7.9,,,37.4,5431,
2025-07-22T09:20:01,440dcb,,7000,,,,,0.6,,A2
2025-07-22T09:20:01,34654b,,,,,,,196.9,,A3
2025-07-22T09:20:01,3c56f6,EWG8XJ,33450,475.0,15.4,39.087214,-7.843689,0.8,5444,A3
2025-07-22T09:20:01,4951d3,,21000,412.6,200.3,40.452126,-8.660909,1.0,,
2025-07-22T09:20:01,4952c4,TAP940,28675,428.5,44.8,39.52002,-8.243149,0.2,4707,A3
2025-07-22T09:20:01,4ca6a9,,,,,,,0.0,,A3
2025-07-22T09:20:01,347691,AEA088,39975,516.1,76.6,39.5159,-8.020258,0.1,4401,A5
2025-07-22T09:20:01,407f0e,RUK4ZP,37000,433.1,190.4,39.711731,-8.537392,0.0,5270,A3
2025-07-22T09:20:01,40772f,,,,,,,131.5,,A3
2025-07-22T09:20:01,49530b,TAP552N,30425,457.2,64.9,39.427604,-7.613892,0.0,5436,A3
2025-07-22T09:20:01,4bb065,,,,,,,287.1,,
2025-07-22T09:20:01,4d0226,,,,,,,43.1,7511,
2025-07-22T09:20:01,407179,EXS19PR,33000,456.6,168.9,39.9583,-8.074077,0.1,3730,A3
2025-07-22T09:20:01,345698,ANE8223,35000,427.4,232.7,38.754691,-8.014771,0.1,3762,A3
2025-07-22T09:20:01,495301,,,,,,,32.9,,A3
2025-07-22T09:20:01,497cdc,,,,,,,286.9,,
2025-07-22T09:20:01,4b7fd4,SUI541,11050,337.3,235.5,40.028547,-8.533381,0.6,2747,A2
2025-07-22T09:20:01,3c0893,,33100,437.6,209.7,39.180319,-9.19812,29.3,,
2025-07-22T09:20:01,505d98,EXS17MB,38825,438.0,185.5,39.162815,-7.482422,0.8,2210,A3
2025-07-22T09:20:01,405b6a,,,,,,,141.5,,A3
2025-07-22T09:20:01,4bb212,THY5AU,16850,315.6,236.8,38.886062,-8.048706,0.0,2064,A3
2025-07-22T09:20:01,4cac1e,,,,,,,104.4,,A3
2025-07-22T09:20:01,4d00ed,,,,,,,207.7,,A3
2025-07-22T09:20:01,3472c4,,30000,492.1,44.8,,,43.4,5445,A3
2025-07-22T09:20:01,40717b,EXS6KA,33000,450.5,169.5,38.883827,-7.798828,2.4,3746,A3
2025-07-22T09:20:01,4b1a34,,36000,501.4,45.4,,,4.4,5433,A3
2025-07-22T09:20:01,484c5a,,,,,,,14.8,,A3
2025-07-22T09:20:01,490036,,ground,0.0,,39.549105,-8.867966,0.2,,
2025-07-22T09:21:01.100000,e8043a,LAN708,42975,513.9,76.2,39.386824,-8.719421,0.1,3332,A5
2025-07-22T09:21:01.100000,347386,IBE6138,38350,515.7,68.9,39.19205,-8.510864,0.0,4424,A5
2025-07-22T09:21:01.100000,406e9f,,,,,,,56.4,,
2025-07-22T09:21:01.100000,3482d6,AEA034,40000,517.1,76.1,39.380866,-8.72467,0.0,3344,A5
2025-07-22T09:21:01.100000,4076e2,,35025,432.7,186.4,40.243286,-7.312866,0.1,5416,
2025-07-22T09:21:01.100000,4867b0,,,,,,,97.5,,
2025-07-22T09:21:01.100000,440dcb,RVP332,7000,94.3,4.9,40.029144,-7.881958,0.1,3255,A2
2025-07-22T09:21:01.100000,34654b,,,,,,,257.1,,A3
2025-07-22T09:21:01.100000,3c56f6,EWG8XJ,34650,472.4,15.6,39.231433,-7.792603,0.1,5444,A3
2025-07-22T09:21:01.100000,4951d3,TAP1921,21000,411.0,200.5,40.339096,-8.716125,0.4,2260,A3
2025-07-22T09:21:01.100000,4952c4,TAP940,30200,442.6,45.0,39.60704,-8.131077,0.0,4707,A3
2025-07-22T09:21:01.100000,4ca6a9,,37000,423.2,242.1,39.316772,-6.986767,0.3,2622,A3
2025-07-22T09:21:01.100000,347691,AEA088,40000,515.9,76.7,39.549198,-7.838989,0.0,4401,A5
2025-07-22T09:21:01.100000,407f0e,RUK4ZP,37000,434.9,190.2,39.589466,-8.566162,0.0,5270,A3
2025-07-22T09:21:01.100000,40772f,EZY45DH,37000,447.2,185.6,39.644631,-7.419983,3.3,1172,A3
2025-07-22T09:21:01.100000,49530b,TAP552N,31425,466.2,65.1,39.480148,-7.468315,2.3,5436,A3
2025-07-22T09:21:01.100000,4d0226,SVW7B,17725,363.4,241.4,38.961523,-7.858032,0.9,2612,A3
2025-07-22T09:21:01.100000,407179,EXS19PR,33000,455.2,169.1,39.84555,-8.045715,6.0,3730,A3
2025-07-22T09:21:01.100000,345698,,35000,429.6,232.8,38.694918,-8.115173,4.4,3762,A3
2025-07-22T09:21:01.100000,495301,,,,,,,93.1,,A3
2025-07-22T09:21:01.100000,4b7fd4,SUI541,9025,272.5,234.6,39.977712,-8.621084,0.1,2747,A2
2025-07-22T09:21:01.100000,3c0893,,,,,,,89.5,,
2025-07-22T09:21:01.100000,505d98,,,,,,,60.9,,A3
2025-07-22T09:21:01.100000,405b6a,,,,,,,201.7,,A3
2025-07-22T09:21:01.100000,4bb212,THY5AU,16175,312.1,237.4,38.840881,-8.138242,19.6,2064,A3
2025-07-22T09:21:01.100000,4cac1e,,,,,,,164.5,,A3
2025-07-22T09:21:01.100000,4d00ed,,,,,,,267.9,,A3
2025-07-22T09:21:01.100000,3472c4,,30000,492.1,45.0,,,21.0,,A3
2025-07-22T09:21:01.100000,40717b,,33000,,,,,11.9,3730,A3
2025-07-22T09:21:01.100000,4b1a34,,36000,501.4,45.4,,,64.6,5433,A3
2025-07-22T09:21:01.100000,484c5a,,,,,,,75.0,,A3
2025-07-22T09:21:01.100000,490036,,ground,0.0,,39.54911,-8.867952,3.2,,
2025-07-22T09:22:01.300000,347588,,35000,433.4,243.6,,,8.4,,
2025-07-22T09:22:01.300000,e8043a,LAN708,42975,512.7,76.2,39.420685,-8.540557,0.0,3332,A5
2025-07-22T09:22:01.300000,347386,IBE6138,38000,515.4,69.0,39.24321,-8.340056,0.1,4424,A5
2025-07-22T09:22:01.300000,406e9f,,,,,,,56.3,,
2025-07-22T09:22:01.300000,3482d6,AEA034,39975,519.0,76.2,39.415314,-8.544617,0.1,3344,A5
2025-07-22T09:22:01.300000,4076e2,,35000,432.6,186.2,,,1.5,5416,
2025-07-22T09:22:01.300000,4867b0,TRA96A,35625,467.0,8.4,38.629486,-7.917023,0.1,5431,
2025-07-22T09:22:01.300000,440dcb,RVP332,7000,97.0,0.6,40.056059,-7.88113,0.3,3255,A2
2025-07-22T09:22:01.300000,3c56f6,EWG8XJ,35750,467.3,15.6,39.354767,-7.748048,0.1,5444,A3
2025-07-22T09:22:01.300000,4951d3,TAP1921,21000,410.1,200.6,40.230816,-8.769087,0.0,2260,A3
2025-07-22T09:22:01.300000,4952c4,TAP940,31525,453.3,45.1,39.687878,-8.02655,0.3,4707,A3
2025-07-22T09:22:01.300000,4ca6a9,,37000,423.6,228.4,39.208969,-7.228108,0.3,2622,A3
2025-07-22T09:22:01.300000,347691,AEA088,40000,516.7,76.8,39.581785,-7.658936,0.1,4401,A5
2025-07-22T09:22:01.300000,407f0e,RUK4ZP,37000,435.9,190.2,39.470991,-8.59375,0.1,5270,A3
2025-07-22T09:22:01.300000,40772f,EZY45DH,37000,448.2,185.6,39.520248,-7.435953,2.8,1172,A3
2025-07-22T09:22:01.300000,49530b,TAP552N,32225,479.2,65.2,39.529449,-7.330986,0.7,5436,A3
2025-07-22T09:22:01.300000,4d0226,SVW7B,16225,352.3,241.0,38.913757,-7.969208,0.1,2612,A3
2025-07-22T09:22:01.300000,407179,EXS19PR,33000,452.3,169.0,39.709076,-8.011601,0.1,3730,A3
2025-07-22T09:22:01.300000,345698,,35000,431.6,232.6,38.637892,-8.210693,15.7,3762,A3
2025-07-22T09:22:01.300000,495301,,,,,,,153.3,,A3
2025-07-22T09:22:01.300000,4b7fd4,SUI541,7375,241.1,224.5,39.936001,-8.695928,0.1,2747,A2
2025-07-22T09:22:01.300000,3c0893,,,,,,,149.6,,
2025-07-22T09:22:01.300000,505d98,,36625,439.1,185.6,,,1.9,,A3
2025-07-22T09:22:01.300000,405b6a,,,,,,,261.9,,A3
2025-07-22T09:22:01.300000,4bb212,,15725,,,38.820004,-8.17981,1.8,,A3
2025-07-22T09:22:01.300000,4cac1e,,,,,,,224.7,,A3
2025-07-22T09:22:01.300000,3472c4,,30000,493.6,45.0,,,0.5,,A3
2025-07-22T09:22:01.300000,40717b,,,,,,,72.1,,A3
2025-07-22T09:22:01.300000,4b1a34,,,,,,,42.8,,A3
2025-07-22T09:22:01.300000,484c5a,,,,,,,135.2,,A3
2025-07-22T09:22:01.300000,490036,,ground,0.0,,39.549105,-8.867966,1.5,,
2025-07-22T09:23:00.500000,347588,,35000,433.4,243.6,,,8.9,,
2025-07-22T09:23:00.500000,e8043a,LAN708,42975,512.7,76.2,39.453918,-8.363521,0.0,3332,A5
2025-07-22T09:23:00.500000,347386,IBE6138,38000,515.9,69.1,39.293813,-8.170166,0.0,4424,A5
2025-07-22T09:23:00.500000,406e9f,,41000,448.6,186.1,,,16.5,,
2025-07-22T09:23:00.500000,3482d6,AEA034,40000,517.6,76.4,39.448792,-8.367761,0.0,3344,A5
2025-07-22T09:23:00.500000,4076e2,BAW240F,34975,432.7,186.4,40.013045,-7.345983,10.8,5416,A3
2025-07-22T09:23:00.500000,4867b0,TRA96A,36825,461.0,8.5,38.743195,-7.895289,0.0,5431,A3
2025-07-22T09:23:00.500000,440dcb,RVP332,7000,98.2,3.5,40.071189,-7.880443,1.6,3255,A2
2025-07-22T09:23:00.500000,3c56f6,EWG8XJ,36700,468.2,26.8,39.474156,-7.683411,1.0,5444,A3
2025-07-22T09:23:00.500000,4951d3,TAP1921,21000,409.2,200.6,40.126819,-8.820086,0.0,2260,A3
2025-07-22T09:23:00.500000,4952c4,,31875,458.2,45.0,39.718048,-7.987419,37.2,4707,A3
2025-07-22T09:23:00.500000,4ca6a9,RYR44TX,37000,426.2,215.3,39.116089,-7.317074,0.0,2622,A3
2025-07-22T09:23:00.500000,347691,AEA088,40000,516.2,77.0,39.610107,-7.501632,2.8,4401,A5
2025-07-22T09:23:00.500000,407f0e,RUK4ZP,37000,434.9,190.2,39.354983,-8.620789,0.1,5270,A3
2025-07-22T09:23:00.500000,40772f,EZY45DH,37000,449.2,185.6,39.370651,-7.45494,1.0,1172,A3
2025-07-22T09:23:00.500000,49530b,TAP552N,33150,483.2,65.3,39.582716,-7.181763,3.2,5436,A3
2025-07-22T09:23:00.500000,4d0226,SVW7B,14725,311.8,241.9,38.869955,-8.071472,0.1,2612,A3
2025-07-22T09:23:00.500000,407179,EXS19PR,33000,450.3,169.0,39.587997,-7.98103,0.0,3730,A3
2025-07-22T09:23:00.500000,345698,,24525,,,,,3.4,,A3
2025-07-22T09:23:00.500000,495301,,,,,,,212.4,,A3
2025-07-22T09:23:00.500000,4b7fd4,SUI541,5775,229.8,203.3,39.884445,-8.744042,0.1,2747,A2
2025-07-22T09:23:00.500000,3c0893,,,,,,,208.8,,
2025-07-22T09:23:00.500000,505d98,EXS17MB,35725,438.0,185.5,38.700179,-7.539917,0.6,2210,A3
2025-07-22T09:23:00.500000,4bb212,THY5AU,12725,309.6,237.1,,,0.3,2064,A3
2025-07-22T09:23:00.500000,4cac1e,,,,,,,283.9,,A3
2025-07-22T09:23:00.500000,3472c4,VLG8RZ,30000,495.7,45.1,40.733322,-6.630493,1.0,5445,A3
2025-07-22T09:23:00.500000,40717b,,33025,436.0,179.1,,,0.9,3746,A3
2025-07-22T09:23:00.500000,4b1a34,EZS97KT,36000,499.3,41.8,41.021646,-6.251533,27.9,5433,A3
2025-07-22T09:23:00.500000,484c5a,,,,,,,194.3,,A3
2025-07-22T09:23:00.500000,490036,,ground,0.0,,39.54911,-8.867952,1.9,,
2025-07-22T09:24:00.600000,40775c,,37000,,,,,33.1,2060,
2025-07-22T09:24:00.600000,347588,,,,,,,69.1,,
2025-07-22T09:24:00.600000,e8043a,LAN708,43000,513.0,76.6,39.487051,-8.184631,0.1,3332,A5
2025-07-22T09:24:00.600000,347386,IBE6138,38000,516.9,69.1,39.344147,-8.000017,0.1,4424,A5
2025-07-22T09:24:00.600000,406e9f,EXS4VS,41000,449.5,186.0,40.250834,-7.323948,11.2,2054,
2025-07-22T09:24:00.600000,3482d6,AEA034,39975,518.3,76.5,39.481155,-8.19592,0.0,3344,A5
2025-07-22T09:24:00.600000,4076e2,,,,,,,70.9,,A3
2025-07-22T09:24:00.600000,4867b0,TRA96A,37875,462.9,16.4,38.873886,-7.865196,0.5,5431,A3
2025-07-22T09:24:00.600000,440dcb,,,98.2,3.5,,,57.8,,A2
2025-07-22T09:24:00.600000,3c56f6,EWG8XJ,37425,463.8,26.2,39.571289,-7.62081,2.0,5444,A3
2025-07-22T09:24:00.600000,4951d3,TAP1921,21000,409.2,200.6,40.019283,-8.872708,0.1,2260,A3
2025-07-22T09:24:00.600000,4952c4,,,,,,,38.5,,A3
2025-07-22T09:24:00.600000,4ca6a9,RYR44TX,37000,424.8,215.2,39.055046,-7.372131,9.5,2622,A3
2025-07-22T09:24:00.600000,347691,,40000,516.0,77.1,39.639231,-7.337708,1.0,4401,A5
2025-07-22T09:24:00.600000,407f0e,RUK4ZP,37000,433.9,190.2,39.236389,-8.64827,0.4,5270,A3
2025-07-22T09:24:00.600000,40772f,EZY45DH,37000,449.2,185.6,39.274109,-7.467121,2.1,1172,A3
2025-07-22T09:24:00.600000,49530b,,,490.9,65.3,,,42.1,,A3
2025-07-22T09:24:00.600000,4d0226,SVW7B,13875,304.9,240.7,38.847051,-8.125793,17.4,2612,A3
2025-07-22T09:24:00.600000,407179,EXS19PR,33000,450.1,169.1,39.465546,-7.950459,0.7,3730,A3
2025-07-22T09:24:00.600000,345698,,24525,,,,,63.5,,A3
2025-07-22T09:24:00.600000,495301,,,,,,,272.6,,A3
2025-07-22T09:24:00.600000,4b7fd4,SUI541,4250,219.5,203.1,39.826789,-8.776489,0.1,2747,A2
2025-07-22T09:24:00.600000,3c0893,,,,,,,269.0,,
2025-07-22T09:24:00.600000,505d98,,33500,436.0,185.5,38.573502,-7.555549,0.0,2210,A3
2025-07-22T09:24:00.600000,4bb212,THY5AU,12300,309.6,237.1,38.7215,-8.375,30.1,2064,A3
2025-07-22T09:24:00.600000,3472c4,VLG8RZ,30000,495.7,45.2,40.827616,-6.506091,38.8,5445,A3
2025-07-22T09:24:00.600000,40717b,,33000,450.0,168.9,,,1.6,3746,A3
2025-07-22T09:24:00.600000,4b1a34,,36000,501.3,42.1,41.136676,-6.114453,18.4,5433,A3
2025-07-22T09:24:00.600000,484c5a,,,,,,,254.5,,A3
2025-07-22T09:24:00.600000,490036,,ground,0.0,,39.549105,-8.867966,1.4,,
2025-07-22T09:25:00.800000,4d244a,RYR19UV,37000,440.5,190.6,40.473221,-8.351624,0.0,2076,A3
2025-07-22T09:25:00.800000,40775c,,,,,,,93.3,,
2025-07-22T09:25:00.800000,347588,IBS1605,34975,430.7,243.7,39.3078,-6.994709,0.2,2666,A3
2025-07-22T09:25:00.800000,e8043a,LAN708,43000,512.8,76.7,39.519791,-8.006884,0.0,3332,A5
2025-07-22T09:25:00.800000,347386,IBE6138,38000,518.4,69.3,39.394775,-7.827759,0.0,4424,A5
2025-07-22T09:25:00.800000,406e9f,,41000,,,40.154434,-7.337219,33.3,,
2025-07-22T09:25:00.800000,3482d6,AEA034,39975,519.1,76.6,39.513748,-8.020736,0.0,3344,A5
2025-07-22T09:25:00.800000,4076e2,,,,,,,55.7,,A3
2025-07-22T09:25:00.800000,4867b0,TRA96A,38000,467.4,34.5,38.988756,-7.768005,0.0,5431,A3
2025-07-22T09:25:00.800000,440dcb,,,,,,,117.9,,A2
2025-07-22T09:25:00.800000,3c56f6,,38000,465.1,30.9,,,0.7,5444,A3
2025-07-22T09:25:00.800000,4951d3,TAP1921,21000,410.3,195.7,39.910444,-8.919617,0.0,2260,A3
2025-07-22T09:25:00.800000,4952c4,TAP940,34850,485.8,45.3,39.972172,-7.656035,0.1,4707,A3
2025-07-22T09:25:00.800000,4ca6a9,,,,,,,69.7,,A3
2025-07-22T09:25:00.800000,347691,,39975,516.0,77.1,39.669396,-7.167419,2.0,4401,A5
2025-07-22T09:25:00.800000,407f0e,RUK4ZP,37000,432.7,190.1,39.183884,-8.660451,14.0,5270,A3
2025-07-22T09:25:00.800000,40772f,EZY45DH,37025,449.1,185.5,39.152387,-7.482422,12.3,1172,A3
2025-07-22T09:25:00.800000,49530b,,,,,,,102.3,,A3
2025-07-22T09:25:00.800000,4d0226,,,,,,,77.6,,A3
2025-07-22T09:25:00.800000,407179,EXS19PR,33000,449.1,169.1,39.350188,-7.921875,0.1,3730,A3
2025-07-22T09:25:00.800000,345698,,,,,,,123.7,,A3
2025-07-22T09:25:00.800000,4b7fd4,SUI541,2900,163.7,231.4,39.7798,-8.810856,0.1,2747,A2
2025-07-22T09:25:00.800000,505d98,,31550,436.0,185.5,38.490321,-7.565735,1.0,2210,A3
2025-07-22T09:25:00.800000,4bb212,,,,,,,90.3,,A3
2025-07-22T09:25:00.800000,3472c4,,,,,,,99.0,,A3
2025-07-22T09:25:00.800000,40717b,,33000,,,,,0.2,3730,A3
2025-07-22T09:25:00.800000,4b1a34,EZS97KT,36000,501.9,42.3,,,17.8,,A3
2025-07-22T09:25:00.800000,490036,,ground,0.0,,39.549105,-8.867966,0.1,,
2025-07-22T09:26:01,348395,IBE05DT,15950,405.5,65.8,39.069152,-8.574097,0.2,4406,A3
2025-07-22T09:26:01,495149,,36000,,,41.455094,-5.559338,39.7,,
2025-07-22T09:26:01,346419,,40000,,,,,0.9,,
2025-07-22T09:26:01,4d244a,RYR19UV,37000,440.1,190.3,40.347244,-8.381897,0.1,2076,A3
2025-07-22T09:26:01,40775c,,,,,,,50.0,,
2025-07-22T09:26:01,347588,IBS1605,35000,429.0,238.1,39.252548,-7.132038,0.1,2666,A3
2025-07-22T09:26:01,e8043a,LAN708,43000,513.5,76.8,39.552178,-7.828796,0.0,3332,A5
2025-07-22T09:26:01,347386,IBE6138,38000,518.4,69.3,39.409653,-7.776887,8.9,4424,A5
2025-07-22T09:26:01,406e9f,,41000,450.6,186.1,40.010056,-7.357178,39.7,2054,
2025-07-22T09:26:01,3482d6,,40000,518.1,76.6,39.549362,-7.827878,0.0,3344,A5
2025-07-22T09:26:01,4076e2,,35025,436.5,186.2,39.639975,-7.399109,1.7,5416,A3
2025-07-22T09:26:01,4867b0,TRA96A,38000,470.2,34.6,39.093638,-7.675476,1.6,5431,A3
2025-07-22T09:26:01,440dcb,RVP332,7025,105.1,2.7,40.152097,-7.875824,1.9,3255,A2
2025-07-22T09:26:01,3c56f6,,38000,,,,,60.9,,A3
2025-07-22T09:26:01,4951d3,TAP1921,21000,410.8,196.0,39.802629,-8.959412,1.2,2260,A3
2025-07-22T09:26:01,4952c4,TAP940,36375,478.7,45.4,40.067368,-7.53064,0.3,4707,A3
2025-07-22T09:26:01,4ca6a9,,,422.2,215.0,,,5.0,,A3
2025-07-22T09:26:01,347691,,43275,,,,,29.0,,A5
2025-07-22T09:26:01,407f0e,,,,,,,74.2,,A3
2025-07-22T09:26:01,40772f,,,,,,,47.1,,A3
2025-07-22T09:26:01,49530b,,,,,,,162.5,,A3
2025-07-22T09:26:01,4d0226,SVW7B,11050,298.4,239.8,38.772149,-8.294006,28.9,2612,A3
2025-07-22T09:26:01,407179,EXS19PR,33000,449.1,169.1,39.218445,-7.889343,0.0,3730,A3
2025-07-22T09:26:01,345698,,,,,,,183.9,,A3
2025-07-22T09:26:01,4b7fd4,SUI541,1675,126.1,296.4,39.777304,-8.859131,0.2,2747,A2
2025-07-22T09:26:01,505d98,EXS17MB,30250,429.0,185.5,38.424042,-7.573879,0.7,,A3
2025-07-22T09:26:01,4bb212,,,,,,,150.5,,A3
2025-07-22T09:26:01,3472c4,,,,,,,159.2,,A3
2025-07-22T09:26:01,40717b,,33000,,,,,33.9,3730,A3
2025-07-22T09:26:01,4b1a34,,,,,,,78.0,,A3
2025-07-22T09:26:01,490036,,ground,0.0,,39.549105,-8.867966,1.4,,
2025-07-22T09:27:01.200000,34768f,VLG2653,35025,444.1,172.2,40.580843,-8.051543,0.3,4523,
2025-07-22T09:27:01.200000,348395,IBE05DT,18225,416.4,66.2,39.114307,-8.443115,0.0,4406,A3
2025-07-22T09:27:01.200000,495149,,,,,,,99.9,,
2025-07-22T09:27:01.200000,346419,IBE3272,40000,512.8,46.5,38.685794,-7.94104,0.1,6236,A5
2025-07-22T09:27:01.200000,4d244a,RYR19UV,37000,440.1,190.3,40.230606,-8.409729,0.0,2076,A3
2025-07-22T09:27:01.200000,40775c,,,,,,,110.2,,
2025-07-22T09:27:01.200000,347588,IBS1605,35000,434.9,208.3,39.167038,-7.232348,0.0,2666,A3
2025-07-22T09:27:01.200000,e8043a,LAN708,42975,514.3,77.0,39.583414,-7.656006,0.1,3332,A5
2025-07-22T09:27:01.200000,347386,,38000,,,,,69.1,,A5
2025-07-22T09:27:01.200000,406e9f,,,,,,,32.8,6005,
2025-07-22T09:27:01.200000,3482d6,AEA034,40000,518.8,76.7,39.581925,-7.64978,0.1,3344,A5
2025-07-22T09:27:01.200000,4076e2,,35000,437.6,186.3,39.524852,-7.415466,4.4,5416,A3
2025-07-22T09:27:01.200000,4867b0,TRA96A,38000,469.4,35.1,39.201874,-7.57788,0.1,5431,A3
2025-07-22T09:27:01.200000,440dcb,RVP332,6975,104.0,1.7,40.186871,-7.873889,22.1,3255,A2
2025-07-22T09:27:01.200000,3c56f6,,,,,,,121.1,,A3
2025-07-22T09:27:01.200000,4951d3,TAP1921,21000,409.6,195.9,39.694348,-8.999329,0.4,2260,A3
2025-07-22T09:27:01.200000,4952c4,,37500,475.2,45.3,40.138829,-7.436433,0.7,4707,A3
2025-07-22T09:27:01.200000,4ca6a9,RYR44TX,37000,423.1,214.9,38.754456,-7.642603,15.1,2622,A3
2025-07-22T09:27:01.200000,347691,,,,,,,89.2,,A5
2025-07-22T09:27:01.200000,407f0e,,,,,,,134.4,,A3
2025-07-22T09:27:01.200000,40772f,,,,,,,107.3,,A3
2025-07-22T09:27:01.200000,49530b,,,,,,,222.7,,A3
2025-07-22T09:27:01.200000,4d0226,,,,,,,89.1,,A3
2025-07-22T09:27:01.200000,407179,EXS19PR,33000,449.1,169.1,39.097321,-7.859404,0.4,3730,A3
2025-07-22T09:27:01.200000,345698,,,,,,,244.1,,A3
2025-07-22T09:27:01.200000,4b7fd4,SUI541,525,117.9,347.3,39.800581,-8.886353,0.4,2747,A2
2025-07-22T09:27:01.200000,505d98,,,,,,,57.8,,A3
2025-07-22T09:27:01.200000,4bb212,,,,,,,210.6,,A3
2025-07-22T09:27:01.200000,3472c4,,,,,,,219.3,,A3
2025-07-22T09:27:01.200000,40717b,,,,,,,94.1,,A3
2025-07-22T09:27:01.200000,4b1a34,,,,,,,138.2,,A3
2025-07-22T09:27:01.200000,490036,,ground,0.0,,39.549105,-8.867966,0.3,,
2025-07-22T09:28:01.400000,34768f,,35025,443.1,172.2,40.460449,-8.029846,0.2,4523,
2025-07-22T09:28:01.400000,348395,IBE05DT,20375,431.6,66.2,39.163101,-8.301186,0.1,4406,A3
2025-07-22T09:28:01.400000,495149,,,,,,,160.1,,
2025-07-22T09:28:01.400000,346419,IBE3272,40000,511.5,46.7,38.799316,-7.787754,0.5,6236,A5
2025-07-22T09:28:01.400000,4d244a,RYR19UV,37000,440.3,190.5,40.109116,-8.438843,1.5,2076,A3
2025-07-22T09:28:01.400000,40775c,,,,,,,170.4,,
2025-07-22T09:28:01.400000,347588,IBS1605,34975,439.4,195.7,39.057002,-7.279785,0.8,2666,A3
2025-07-22T09:28:01.400000,e8043a,LAN708,43000,515.2,77.0,39.611904,-7.496704,2.0,3332,A5
2025-07-22T09:28:01.400000,347386,,,,,,,11.6,,A5
2025-07-22T09:28:01.400000,406e9f,,,,,,,3.0,,
2025-07-22T09:28:01.400000,3482d6,AEA034,40000,518.6,76.8,39.607773,-7.506886,10.9,3344,A5
2025-07-22T09:28:01.400000,4076e2,BAW240F,34550,434.5,186.2,39.381683,-7.435714,1.0,5416,A3
2025-07-22T09:28:01.400000,4867b0,TRA96A,37975,468.6,35.2,39.31105,-7.479241,0.0,5431,A3
2025-07-22T09:28:01.400000,440dcb,RVP332,7050,100.0,359.4,40.22523,-7.872953,0.3,3255,A2
2025-07-22T09:28:01.400000,3c56f6,,,,,,,181.3,,A3
2025-07-22T09:28:01.400000,4951d3,TAP1921,21000,409.6,195.9,39.587128,-9.038763,3.4,2260,A3
2025-07-22T09:28:01.400000,4952c4,,38000,472.4,45.3,,,3.9,4707,A3
2025-07-22T09:28:01.400000,4ca6a9,RYR44TX,37000,423.1,214.9,38.663361,-7.724045,0.2,2622,A3
2025-07-22T09:28:01.400000,347691,,,,,,,149.4,,A5
2025-07-22T09:28:01.400000,407f0e,,,,,,,194.6,,A3
2025-07-22T09:28:01.400000,40772f,,34250,,,,,0.3,,A3
2025-07-22T09:28:01.400000,49530b,,,,,,,282.8,,A3
2025-07-22T09:28:01.400000,4d0226,,,,,,,149.3,,A3
2025-07-22T09:28:01.400000,407179,EXS19PR,33000,449.1,169.1,38.973813,-7.829041,0.0,3730,A3
2025-07-22T09:28:01.400000,4b7fd4,,275,118.3,355.6,39.808355,-8.888062,49.7,,A2
2025-07-22T09:28:01.400000,505d98,,,,,,,117.9,,A3
2025-07-22T09:28:01.400000,4bb212,,,,,,,270.8,,A3
2025-07-22T09:28:01.400000,3472c4,,,,,,,279.5,,A3
2025-07-22T09:28:01.400000,40717b,,,,,,,154.3,,A3
2025-07-22T09:28:01.400000,4b1a34,,,,,,,198.3,,A3
2025-07-22T09:28:01.400000,490036,,ground,0.0,,39.549105,-8.867966,1.1,,
2025-07-22T09:29:01.600000,4d21c8,,37000,426.6,201.5,40.634628,-7.122986,2.9,3736,
2025-07-22T09:29:01.600000,34768f,VLG2653,35000,442.2,172.1,40.378852,-8.015088,0.2,4523,
2025-07-22T09:29:01.600000,348395,IBE05DT,22475,442.3,66.0,39.212626,-8.158142,0.0,4406,A3
2025-07-22T09:29:01.600000,495149,,,,,,,220.3,,
2025-07-22T09:29:01.600000,346419,IBE3272,40000,510.8,46.7,38.886108,-7.670069,7.6,6236,A5
2025-07-22T09:29:01.600000,4d244a,RYR19UV,37000,440.3,190.5,39.986045,-8.468149,0.1,2076,A3
2025-07-22T09:29:01.600000,40775c,,,,,,,230.6,,
2025-07-22T09:29:01.600000,347588,IBS1605,34975,438.6,195.3,39.011719,-7.295877,31.6,2666,A3
2025-07-22T09:29:01.600000,e8043a,LAN708,43000,514.0,77.1,39.644714,-7.31164,1.1,3332,A5
2025-07-22T09:29:01.600000,347386,,,514.8,69.8,,,19.5,,A5
2025-07-22T09:29:01.600000,406e9f,EXS4VS,41000,448.6,186.1,39.558509,-7.418823,2.0,2054,A5
2025-07-22T09:29:01.600000,3482d6,,40000,,,,,8.3,3344,A5
2025-07-22T09:29:01.600000,4076e2,BAW240F,33650,435.7,186.3,39.260621,-7.452759,0.0,5416,A3
2025-07-22T09:29:01.600000,4867b0,TRA96A,37975,468.0,35.1,39.413731,-7.386353,0.1,5431,A3
2025-07-22T09:29:01.600000,440dcb,RVP332,7050,100.0,358.9,40.229187,-7.873047,48.6,3255,A2
2025-07-22T09:29:01.600000,3c56f6,,,,,,,241.5,,A3
2025-07-22T09:29:01.600000,4951d3,TAP1921,20975,409.3,195.7,39.535629,-9.057511,15.3,7402,A3
2025-07-22T09:29:01.600000,4952c4,TAP940,38000,473.1,45.6,,,35.8,4707,A3
2025-07-22T09:29:01.600000,4ca6a9,RYR44TX,37000,423.6,215.0,38.611679,-7.77014,7.0,2622,A3
2025-07-22T09:29:01.600000,347691,,,,,,,209.6,,A5
2025-07-22T09:29:01.600000,407f0e,,,,,,,254.8,,A3
2025-07-22T09:29:01.600000,40772f,EZY45DH,34100,439.1,185.6,,,51.1,,A3
2025-07-22T09:29:01.600000,4d0226,,,,,,,209.5,,A3
2025-07-22T09:29:01.600000,407179,EXS19PR,33000,450.1,169.1,38.918276,-7.815369,27.2,3730,A3
2025-07-22T09:29:01.600000,4b7fd4,,,,,,,109.9,,A2
2025-07-22T09:29:01.600000,505d98,,,,,,,178.1,,A3
2025-07-22T09:29:01.600000,40717b,,,,,,,214.4,,A3
2025-07-22T09:29:01.600000,4b1a34,,,,,,,258.5,,A3
2025-07-22T09:29:01.600000,490036,,ground,0.0,,39.54911,-8.867952,1.1,,
2025-07-22T09:30:00.700000,3c6469,,31000,474.0,5.3,,,0.7,,
2025-07-22T09:30:00.700000,4d21c8,,37000,,,,,28.8,3736,
2025-07-22T09:30:00.700000,34768f,VLG2653,34975,438.1,172.1,40.217651,-7.985962,0.0,4523,A3
2025-07-22T09:30:00.700000,348395,IBE05DT,24250,451.7,66.1,39.261749,-8.015959,0.3,4406,A3
2025-07-22T09:30:00.700000,495149,,,,,,,279.4,,
2025-07-22T09:30:00.700000,346419,,40000,,,38.907802,-7.640625,43.9,,A5
2025-07-22T09:30:00.700000,4d244a,RYR19UV,37000,440.3,190.5,39.867569,-8.496643,0.0,2076,A3
2025-07-22T09:30:00.700000,40775c,,37000,,,,,10.3,2060,
2025-07-22T09:30:00.700000,347588,,,,,,,90.8,,A3
2025-07-22T09:30:00.700000,e8043a,,42975,513.8,77.2,39.644714,-7.31164,27.0,3332,A5
2025-07-22T09:30:00.700000,347386,,38000,,,,,15.6,,A5
2025-07-22T09:30:00.700000,406e9f,EXS4VS,39425,454.4,185.9,39.438721,-7.435177,2.3,2054,A5
2025-07-22T09:30:00.700000,3482d6,,40000,,,,,32.8,,A5
2025-07-22T09:30:00.700000,4076e2,BAW240F,33000,440.6,186.3,39.140796,-7.469482,0.1,5416,A3
2025-07-22T09:30:00.700000,4867b0,TRA96A,37975,468.6,35.2,39.522757,-7.287292,0.0,5431,A3
2025-07-22T09:30:00.700000,440dcb,,,,,,,107.7,,A2
2025-07-22T09:30:00.700000,4951d3,,18975,381.5,195.8,39.382507,-9.113458,3.1,2260,A3
2025-07-22T09:30:00.700000,4952c4,,38000,473.8,45.7,,,20.5,,A3
2025-07-22T09:30:00.700000,4ca6a9,,,,,,,50.5,,A3
2025-07-22T09:30:00.700000,347691,,,,,,,268.7,,A5
2025-07-22T09:30:00.700000,40772f,,32500,446.1,185.5,,,31.8,,A3
2025-07-22T09:30:00.700000,4d0226,,,,,,,268.6,,A3
2025-07-22T09:30:00.700000,407179,,32825,,,,,4.3,,A3
2025-07-22T09:30:00.700000,4b7fd4,,,,,,,169.1,,A2
2025-07-22T09:30:00.700000,505d98,,,,,,,237.3,,A3
2025-07-22T09:30:00.700000,40717b,,,,,,,273.6,,A3
2025-07-22T09:30:00.700000,490036,,ground,0.0,,39.54911,-8.867952,1.5,,
2025-07-22T09:31:00.900000,8962e6,ETD87A,12400,397.2,64.7,39.051555,-8.56604,0.1,2257,A5
2025-07-22T09:31:00.900000,400981,BAW5PT,32975,452.0,208.8,40.374802,-8.289497,0.0,5426,A3
2025-07-22T09:31:00.900000,3c6469,CFG5TX,32200,480.2,14.5,38.820923,-7.901917,0.0,2223,A0
2025-07-22T09:31:00.900000,4d21c8,,37000,,,,,19.6,,
2025-07-22T09:31:00.900000,34768f,VLG2653,35000,445.1,172.3,40.09763,-7.964464,0.0,4523,A3
2025-07-22T09:31:00.900000,348395,IBE05DT,25850,467.5,66.3,39.313504,-7.864929,0.0,4406,A3
2025-07-22T09:31:00.900000,346419,,40000,,,,,5.5,6236,A5
2025-07-22T09:31:00.900000,4d244a,RYR19UV,37000,440.0,190.2,39.747092,-8.524902,0.1,2076,A3
2025-07-22T09:31:00.900000,40775c,RUK70TJ,37000,434.6,192.1,,,34.0,,A3
2025-07-22T09:31:00.900000,347588,IBS1605,34950,440.3,195.1,38.697556,-7.405382,0.0,2666,A3
2025-07-22T09:31:00.900000,e8043a,,,,,,,87.2,,A5
2025-07-22T09:31:00.900000,347386,,,,,,,75.8,,A5
2025-07-22T09:31:00.900000,406e9f,EXS4VS,36425,463.6,186.1,39.299399,-7.453979,0.1,2054,A5
2025-07-22T09:31:00.900000,3482d6,,,,,,,93.0,,A5
2025-07-22T09:31:00.900000,4076e2,,33000,440.6,186.3,39.091916,-7.476257,2.3,5416,A3
2025-07-22T09:31:00.900000,4867b0,TRA96A,38000,468.4,35.4,39.62851,-7.19091,0.2,5431,A3
2025-07-22T09:31:00.900000,440dcb,,,,,,,167.9,,A2
2025-07-22T09:31:00.900000,4951d3,,17025,,,39.276542,-9.152039,0.9,,A3
2025-07-22T09:31:00.900000,4952c4,,38000,480.2,43.9,40.521011,-6.939819,0.6,,A3
2025-07-22T09:31:00.900000,4ca6a9,,,,,,,110.7,,A3
2025-07-22T09:31:00.900000,40772f,,,,,,,92.0,,A3
2025-07-22T09:31:00.900000,407179,,32475,,,,,13.0,3730,A3
2025-07-22T09:31:00.900000,4b7fd4,,,,,,,229.2,,A2
2025-07-22T09:31:00.900000,505d98,,,,,,,297.5,,A3
2025-07-22T09:31:00.900000,490036,,ground,0.0,,39.54911,-8.867952,0.3,,
2025-07-22T09:32:01.100000,a1bfb2,,3850,,,,,25.9,,
2025-07-22T09:32:01.100000,8962e6,ETD87A,14825,411.1,64.8,39.100616,-8.432843,0.5,2257,A5
2025-07-22T09:32:01.100000,400981,BAW5PT,32325,453.4,208.9,40.263474,-8.369629,0.0,5426,A3
2025-07-22T09:32:01.100000,3c6469,CFG5TX,33400,483.8,36.1,38.946167,-7.837133,0.0,2223,A0
2025-07-22T09:32:01.100000,4d21c8,,,432.9,201.4,,,0.7,,
2025-07-22T09:32:01.100000,34768f,VLG2653,35000,450.2,172.2,39.972839,-7.942139,0.0,4523,A3
2025-07-22T09:32:01.100000,348395,IBE05DT,27225,479.6,66.3,39.365829,-7.711365,0.3,4406,A3
2025-07-22T09:32:01.100000,346419,IBE3272,40000,511.5,47.0,,,0.1,6236,A5
2025-07-22T09:32:01.100000,4d244a,RYR19UV,37000,441.1,190.3,39.625917,-8.553406,0.1,2076,A3
2025-07-22T09:32:01.100000,40775c,RUK70TJ,37000,434.8,192.2,39.345108,-7.272054,5.5,2060,A3
2025-07-22T09:32:01.100000,347588,IBS1605,34975,442.2,195.1,38.578491,-7.446402,0.0,2666,A3
2025-07-22T09:32:01.100000,e8043a,,,,,,,147.3,,A5
2025-07-22T09:32:01.100000,347386,,,,,,,136.0,,A5
2025-07-22T09:32:01.100000,406e9f,EXS4VS,33725,438.3,185.9,39.172731,-7.470947,0.1,2054,A5
2025-07-22T09:32:01.100000,3482d6,,,,,,,153.1,,A5
2025-07-22T09:32:01.100000,4076e2,,33000,,,,,58.5,,A3
2025-07-22T09:32:01.100000,4867b0,TRA96A,38025,468.9,35.5,39.674331,-7.148804,34.8,5431,A3
2025-07-22T09:32:01.100000,440dcb,,,,,,,228.1,,A2
2025-07-22T09:32:01.100000,4951d3,,17025,,,39.276542,-9.152039,34.4,,A3
2025-07-22T09:32:01.100000,4952c4,,,480.2,43.9,,,60.8,,A3
2025-07-22T09:32:01.100000,4ca6a9,,,,,,,170.9,,A3
2025-07-22T09:32:01.100000,40772f,,,,,,,152.1,,A3
2025-07-22T09:32:01.100000,407179,EXS19PR,31075,386.6,169.4,38.572449,-7.73121,22.5,3730,A3
2025-07-22T09:32:01.100000,4b7fd4,,,,,,,289.4,,A2
2025-07-22T09:32:01.100000,490036,,ground,0.0,,39.549105,-8.867966,0.5,,
2025-07-22T09:33:01.300000,a1bfb2,,,,,,,86.1,,
2025-07-22T09:33:01.300000,8962e6,ETD87A,17150,433.9,64.9,39.151316,-8.294128,0.2,2257,A5
2025-07-22T09:33:01.300000,400981,BAW5PT,31425,457.1,207.3,40.200464,-8.414841,1.1,5426,A3
2025-07-22T09:33:01.300000,3c6469,CFG5TX,33925,485.0,35.3,39.007553,-7.780052,23.3,2223,A0
2025-07-22T09:33:01.300000,4d21c8,,37000,433.8,201.4,,,0.1,3736,
2025-07-22T09:33:01.300000,34768f,VLG2653,35000,449.2,172.2,39.873342,-7.924316,5.5,4523,A3
2025-07-22T09:33:01.300000,348395,IBE05DT,28600,486.8,66.4,39.420273,-7.551011,0.0,4406,A3
2025-07-22T09:33:01.300000,346419,IBE3272,40000,515.1,47.0,39.265091,-7.150965,0.0,6236,A5
2025-07-22T09:33:01.300000,4d244a,RYR19UV,37000,443.1,190.3,39.505188,-8.581875,0.2,2076,A3
2025-07-22T09:33:01.300000,40775c,RUK70TJ,37000,432.7,192.1,39.230455,-7.303711,0.0,2060,A3
2025-07-22T09:33:01.300000,347588,IBS1605,35000,445.4,195.1,38.459783,-7.487366,0.0,2666,A3
2025-07-22T09:33:01.300000,e8043a,,,,,,,207.5,,A5
2025-07-22T09:33:01.300000,347386,,,,,,,196.1,,A5
2025-07-22T09:33:01.300000,406e9f,EXS4VS,30550,445.4,185.9,39.094337,-7.481506,18.3,2054,A5
2025-07-22T09:33:01.300000,3482d6,,,,,,,213.3,,A5
2025-07-22T09:33:01.300000,4076e2,BAW240F,33000,439.5,186.1,38.775009,-7.520261,0.1,5416,A3
2025-07-22T09:33:01.300000,4867b0,,,,,,,95.0,,A3
2025-07-22T09:33:01.300000,440dcb,,,,,,,288.3,,A2
2025-07-22T09:33:01.300000,4951d3,,,,,,,94.6,,A3
2025-07-22T09:33:01.300000,4952c4,TAP940,38000,,,,,41.7,,A3
2025-07-22T09:33:01.300000,4ca6a9,,,,,,,231.1,,A3
2025-07-22T09:33:01.300000,40772f,,,,,,,212.3,,A3
2025-07-22T09:33:01.300000,407179,,,,,,,82.7,,A3
2025-07-22T09:33:01.300000,490036,,ground,0.0,,39.549105,-8.867966,1.4,,
2025-07-22T09:34:01.400000,4080e2,,37000,440.3,169.5,,,0.2,,
2025-07-22T09:34:01.400000,44d1c3,,,,,,,30.3,3724,
2025-07-22T09:34:01.400000,a1bfb2,,,,,,,146.3,,
2025-07-22T09:34:01.400000,8962e6,ETD87A,19475,449.2,65.0,39.20311,-8.151796,0.3,2257,A5
2025-07-22T09:34:01.400000,400981,BAW5PT,30325,462.0,207.2,40.039859,-8.522769,0.0,5426,A3
2025-07-22T09:34:01.400000,3c6469,CFG5TX,35650,473.9,35.5,39.16333,-7.638901,0.2,2223,A0
2025-07-22T09:34:01.400000,4d21c8,,43850,434.7,201.3,40.147255,-7.373075,3.4,3736,
2025-07-22T09:34:01.400000,34768f,VLG2653,35025,446.1,172.3,39.726749,-7.898254,0.0,4523,A3
2025-07-22T09:34:01.400000,348395,IBE05DT,29350,490.8,66.5,39.453301,-7.453247,20.9,4406,A3
2025-07-22T09:34:01.400000,346419,,40000,514.4,47.1,39.287994,-7.119385,12.8,6236,A5
2025-07-22T09:34:01.400000,4d244a,RYR19UV,37000,443.3,190.4,39.383891,-8.610413,0.1,2076,A3
2025-07-22T09:34:01.400000,40775c,RUK70TJ,37000,431.7,192.2,39.094616,-7.341309,8.7,2060,A3
2025-07-22T09:34:01.400000,347588,IBS1605,35000,447.6,195.2,38.339445,-7.528501,0.2,2666,A3
2025-07-22T09:34:01.400000,e8043a,,,,,,,267.7,,A5
2025-07-22T09:34:01.400000,347386,,,,,,,256.3,,A5
2025-07-22T09:34:01.400000,406e9f,,,,,,,44.3,,A5
2025-07-22T09:34:01.400000,3482d6,,,,,,,273.5,,A5
2025-07-22T09:34:01.400000,4076e2,BAW240F,32400,433.6,186.2,38.657537,-7.53656,0.9,5416,A3
2025-07-22T09:34:01.400000,4867b0,,,,,,,155.2,,A3
2025-07-22T09:34:01.400000,4951d3,,,,,,,154.8,,A3
2025-07-22T09:34:01.400000,4952c4,,,,,,,101.8,,A3
2025-07-22T09:34:01.400000,4ca6a9,,,,,,,291.3,,A3
2025-07-22T09:34:01.400000,40772f,,,,,,,272.5,,A3
2025-07-22T09:34:01.400000,407179,,,,,,,142.9,,A3
2025-07-22T09:34:01.400000,490036,,ground,0.0,,39.549105,-8.867966,6.6,,
2025-07-22T09:35:01.600000,440185,,,,,,,2.2,,
2025-07-22T09:35:01.600000,4080e2,EXS6D,37000,438.4,169.5,40.486771,-8.175842,0.1,3726,A3
2025-07-22T09:35:01.600000,44d1c3,,37000,427.1,194.2,,,32.7,,
2025-07-22T09:35:01.600000,a1bfb2,,,,,,,206.5,,
2025-07-22T09:35:01.600000,8962e6,ETD87A,20450,456.3,64.8,39.228081,-8.083313,32.3,2257,A5
2025-07-22T09:35:01.600000,400981,BAW5PT,28075,454.8,207.1,39.923492,-8.600342,0.2,5426,A3
2025-07-22T09:35:01.600000,3c6469,CFG5TX,36025,470.9,35.6,39.262985,-7.547428,0.1,2223,A0
2025-07-22T09:35:01.600000,4d21c8,CXI98PX,37000,437.0,201.3,,,22.6,3736,A3
2025-07-22T09:35:01.600000,34768f,VLG2653,34975,445.1,172.3,39.604752,-7.87666,0.2,4523,A3
2025-07-22T09:35:01.600000,348395,,30000,503.0,66.7,39.513586,-7.273804,5.5,4406,A3
2025-07-22T09:35:01.600000,346419,IBE3272,40000,515.2,47.2,39.467468,-6.870157,0.0,6236,A5
2025-07-22T09:35:01.600000,4d244a,RYR19UV,37000,443.1,190.3,39.263763,-8.638299,0.1,2076,A3
2025-07-22T09:35:01.600000,40775c,,37000,430.7,192.2,39.033632,-7.358154,34.9,2060,A3
2025-07-22T09:35:01.600000,347588,IBS1605,35000,447.3,195.0,38.22702,-7.56695,0.3,2666,A3
2025-07-22T09:35:01.600000,406e9f,,25875,418.0,186.0,38.820236,-7.518171,2.4,2054,A5
2025-07-22T09:35:01.600000,4076e2,BAW240F,29950,431.5,186.1,38.536102,-7.553339,0.2,5416,A3
2025-07-22T09:35:01.600000,4867b0,,,,,,,215.4,,A3
2025-07-22T09:35:01.600000,4951d3,,,,,,,215.0,,A3
2025-07-22T09:35:01.600000,4952c4,,,,,,,162.0,,A3
2025-07-22T09:35:01.600000,407179,,,,,,,203.1,,A3
2025-07-22T09:35:01.600000,490036,,ground,0.0,,39.549105,-8.867966,0.2,,
2025-07-22T09:36:01.800000,495148,TAP832,14525,323.2,65.9,39.055527,-8.606892,1.9,5437,A3
2025-07-22T09:36:01.800000,4aca8d,,3800,224.3,338.0,,,48.8,,
2025-07-22T09:36:01.800000,440185,,,,,,,5.2,,
2025-07-22T09:36:01.800000,4080e2,EXS6D,37000,437.4,169.5,40.366699,-8.146973,0.0,3726,A3
2025-07-22T09:36:01.800000,44d1c3,,,,,,,92.9,,
2025-07-22T09:36:01.800000,a1bfb2,,,,,,,266.6,,
2025-07-22T09:36:01.800000,8962e6,ETD87A,23750,475.1,65.1,39.312378,-7.849911,0.1,2257,A5
2025-07-22T09:36:01.800000,400981,BAW5PT,25600,440.5,207.1,39.813476,-8.673462,0.5,5426,A3
2025-07-22T09:36:01.800000,3c6469,CFG5TX,36000,473.7,35.6,39.377289,-7.441983,0.5,2223,A0
2025-07-22T09:36:01.800000,4d21c8,,,,,,,82.8,,A3
2025-07-22T09:36:01.800000,34768f,VLG2653,34975,446.2,172.1,39.480331,-7.854807,0.1,4523,A3
2025-07-22T09:36:01.800000,348395,,29975,,,,,3.5,4406,A3
2025-07-22T09:36:01.800000,346419,,40000,517.3,47.3,39.523269,-6.792236,3.4,6236,A5
2025-07-22T09:36:01.800000,4d244a,RYR19UV,37000,442.1,190.3,39.182648,-8.657227,3.8,2076,A3
2025-07-22T09:36:01.800000,40775c,,,,,,,95.1,,A3
2025-07-22T09:36:01.800000,347588,,35025,447.3,195.0,38.183853,-7.581677,36.2,2666,A3
2025-07-22T09:36:01.800000,406e9f,,24975,406.2,185.9,38.706324,-7.533264,3.1,2054,A5
2025-07-22T09:36:01.800000,4076e2,BAW240F,27725,419.4,186.2,38.455078,-7.564385,0.4,5416,A3
2025-07-22T09:36:01.800000,4867b0,,38000,,,,,0.8,,A3
2025-07-22T09:36:01.800000,4951d3,,,,,,,275.2,,A3
2025-07-22T09:36:01.800000,4952c4,,,,,,,222.2,,A3
2025-07-22T09:36:01.800000,407179,,,,,,,263.3,,A3
2025-07-22T09:36:01.800000,490036,,ground,0.0,,39.54911,-8.867952,0.1,,
2025-07-22T09:37:02,39de4f,TVF48LB,35700,474.9,31.5,38.706696,-7.824646,0.9,2001,A3
2025-07-22T09:37:02,495148,TAP832,16350,338.4,65.9,39.094528,-8.494701,0.0,5437,A3
2025-07-22T09:37:02,4aca8d,,,,,,,109.0,,
2025-07-22T09:37:02,440185,,,,,,,65.4,,
2025-07-22T09:37:02,4080e2,EXS6D,37000,437.2,169.6,40.274529,-8.124639,12.8,3726,A3
2025-07-22T09:37:02,44d1c3,TFL6CN,37000,426.9,194.1,,,0.1,3724,
2025-07-22T09:37:02,8962e6,ETD87A,25475,492.2,65.3,39.368064,-7.694702,0.7,2257,A5
2025-07-22T09:37:02,400981,BAW5PT,23450,426.2,206.9,39.705242,-8.745239,0.1,5426,A3
2025-07-22T09:37:02,3c6469,CFG5TX,36000,472.9,35.7,39.43994,-7.384033,19.4,2223,A0
2025-07-22T09:37:02,4d21c8,,,,,,,143.0,,A3
2025-07-22T09:37:02,34768f,VLG2653,35000,447.2,172.2,39.357193,-7.833133,0.1,4523,A3
2025-07-22T09:37:02,348395,,29975,,,,,34.9,,A3
2025-07-22T09:37:02,346419,,40000,,,,,32.4,6236,A5
2025-07-22T09:37:02,4d244a,,,,,,,64.0,,A3
2025-07-22T09:37:02,40775c,,37000,,,,,0.8,,A3
2025-07-22T09:37:02,347588,,,,,,,96.4,,A3
2025-07-22T09:37:02,406e9f,EXS4VS,24300,407.2,185.9,38.624588,-7.544025,17.3,2054,A5
2025-07-22T09:37:02,4076e2,,27600,418.4,186.2,38.412827,-7.570177,54.5,5416,A3
2025-07-22T09:37:02,4867b0,,38000,,,,,54.3,,A3
2025-07-22T09:37:02,4952c4,,,,,,,282.4,,A3
2025-07-22T09:37:02,490036,,ground,0.0,,39.549105,-8.867966,3.0,,
2025-07-22T09:38:00.100000,39de4f,TVF48LB,36925,471.3,31.5,38.770705,-7.77478,3.0,2001,A3
2025-07-22T09:38:00.100000,495148,TAP832,17250,378.7,66.0,39.132509,-8.385559,0.1,5437,A3
2025-07-22T09:38:00.100000,4aca8d,,,,,,,167.1,,
2025-07-22T09:38:00.100000,440185,,,,,,,123.5,,
2025-07-22T09:38:00.100000,4080e2,EXS6D,37000,436.2,169.6,40.134247,-8.090942,0.0,3726,A3
2025-07-22T09:38:00.100000,44d1c3,TFL6CN,37000,426.9,194.1,,,0.2,3724,
2025-07-22T09:38:00.100000,8962e6,ETD87A,27100,504.0,63.2,39.426021,-7.539673,0.2,2257,A5
2025-07-22T09:38:00.100000,400981,BAW5PT,22050,414.1,207.0,39.60434,-8.811811,0.1,5426,A3
2025-07-22T09:38:00.100000,3c6469,CFG5TX,36000,473.5,35.8,39.588489,-7.246094,0.0,2223,A0
2025-07-22T09:38:00.100000,4d21c8,CXI98PX,37000,436.6,201.2,,,2.6,3736,A3
2025-07-22T09:38:00.100000,34768f,VLG2653,35025,447.0,172.3,39.237579,-7.812235,0.3,4523,A3
2025-07-22T09:38:00.100000,348395,,,,,,,93.0,,A3
2025-07-22T09:38:00.100000,346419,,15500,,,,,37.6,,A5
2025-07-22T09:38:00.100000,4d244a,,,,,,,122.1,,A3
2025-07-22T09:38:00.100000,40775c,RUK70TJ,37000,429.5,192.1,38.653766,-7.462097,21.9,2060,A3
2025-07-22T09:38:00.100000,347588,,,,,,,154.5,,A3
2025-07-22T09:38:00.100000,406e9f,,,,,,,75.4,,A5
2025-07-22T09:38:00.100000,4076e2,,,,,,,112.6,,A3
2025-07-22T09:38:00.100000,4867b0,,,,,,,112.5,,A3
2025-07-22T09:38:00.100000,4952c4,,,,,,,26.8,,A3
2025-07-22T09:38:00.100000,490036,,ground,0.0,,39.54911,-8.867952,1.0,,
2025-07-22T09:39:00.300000,407e68,,37000,,,,,2.0,,
2025-07-22T09:39:00.300000,495cd0,WFL3410,36000,505.6,92.8,39.92569,-8.916687,0.0,3373,A5
2025-07-22T09:39:00.300000,39de4f,TVF48LB,37750,467.0,31.8,38.914124,-7.661829,1.1,2001,A3
2025-07-22T09:39:00.300000,495148,TAP832,18800,394.1,64.6,39.177339,-8.257019,0.0,5437,A3
2025-07-22T09:39:00.300000,4aca8d,,,,,,,227.3,,
2025-07-22T09:39:00.300000,440185,EJU35VY,31000,392.2,243.5,39.298325,-7.021637,0.0,3761,A3
2025-07-22T09:39:00.300000,4080e2,EXS6D,37000,435.4,169.4,40.011788,-8.06153,0.0,3726,A3
2025-07-22T09:39:00.300000,44d1c3,,37000,427.6,193.9,,,0.2,3724,
2025-07-22T09:39:00.300000,8962e6,ETD87A,27850,509.4,63.3,39.454325,-7.467224,31.3,2257,A5
2025-07-22T09:39:00.300000,400981,BAW5PT,20625,403.0,207.0,39.504547,-8.87749,0.9,5426,A3
2025-07-22T09:39:00.300000,3c6469,CFG5TX,36000,472.9,35.7,39.618375,-7.218201,15.0,2223,A0
2025-07-22T09:39:00.300000,4d21c8,CXI98PX,37000,435.3,201.1,39.489425,-7.704468,0.0,3736,A3
2025-07-22T09:39:00.300000,34768f,VLG2653,35000,447.2,172.2,39.202332,-7.806025,14.5,4523,A3
2025-07-22T09:39:00.300000,348395,,,,,,,153.2,,A3
2025-07-22T09:39:00.300000,346419,,,,,,,97.8,,A5
2025-07-22T09:39:00.300000,4d244a,,,,,,,182.3,,A3
2025-07-22T09:39:00.300000,40775c,,,,,,,0.5,,A3
2025-07-22T09:39:00.300000,347588,,22375,,,,,32.4,,A3
2025-07-22T09:39:00.300000,406e9f,,,,,,,135.6,,A5
2025-07-22T09:39:00.300000,4076e2,,,,,,,172.7,,A3
2025-07-22T09:39:00.300000,4867b0,,,,,,,172.6,,A3
2025-07-22T09:39:00.300000,4952c4,,,,,,,40.0,1052,A3
2025-07-22T09:39:00.300000,490036,,ground,0.0,,39.54911,-8.867952,0.6,,
2025-07-22T09:40:00.500000,3c56f6,,38000,474.0,37.1,,,26.2,,
2025-07-22T09:40:00.500000,4ca63b,,30175,460.3,355.6,,,2.9,3351,
2025-07-22T09:40:00.500000,407e68,,37000,,,,,62.2,,
2025-07-22T09:40:00.500000,495cd0,WFL3410,36000,503.7,93.0,39.91859,-8.735229,0.1,3373,A5
2025-07-22T09:40:00.500000,39de4f,,37975,,,,,10.6,,A3
2025-07-22T09:40:00.500000,495148,TAP832,20325,406.5,63.9,39.22522,-8.132271,0.2,5437,A3
2025-07-22T09:40:00.500000,4aca8d,,,,,,,287.4,,
2025-07-22T09:40:00.500000,440185,EJU35VY,31000,392.2,242.8,39.251357,-7.142029,0.6,3761,A3
2025-07-22T09:40:00.500000,4080e2,EXS6D,37000,436.0,169.7,39.898636,-8.034409,0.0,3726,A3
2025-07-22T09:40:00.500000,44d1c3,,37000,429.5,193.9,,,2.3,,
2025-07-22T09:40:00.500000,8962e6,ETD87A,29950,518.8,63.7,39.515442,-7.309073,13.7,2257,A5
2025-07-22T09:40:00.500000,400981,,20075,398.5,207.0,39.466382,-8.902527,33.7,5426,A3
2025-07-22T09:40:00.500000,3c6469,,,,,,,75.2,,A0
2025-07-22T09:40:00.500000,4d21c8,CXI98PX,37000,434.0,201.1,39.376923,-7.760348,0.3,3736,A3
2025-07-22T09:40:00.500000,34768f,VLG2653,35000,455.1,163.8,38.991898,-7.766856,0.0,4523,A3
2025-07-22T09:40:00.500000,348395,,,,,,,213.4,,A3
2025-07-22T09:40:00.500000,346419,,,,,,,158.0,,A5
2025-07-22T09:40:00.500000,4d244a,,,,,,,242.5,,A3
2025-07-22T09:40:00.500000,40775c,,37000,436.0,186.7,,,1.5,2060,A3
2025-07-22T09:40:00.500000,347588,,,,,,,48.1,,A3
2025-07-22T09:40:00.500000,406e9f,,,,,,,195.8,,A5
2025-07-22T09:40:00.500000,4076e2,,,,,,,232.9,,A3
2025-07-22T09:40:00.500000,4867b0,,71100,,,,,7.4,5431,A3
2025-07-22T09:40:00.500000,4952c4,,,,,,,100.2,,A3
2025-07-22T09:40:00.500000,490036,,ground,0.0,,39.54911,-8.867952,1.4,,
2025-07-22T09:41:00.700000,407f1f,,37000,435.9,186.6,,,18.9,2052,
2025-07-22T09:41:00.700000,3c56f6,,,,,,,86.4,,
2025-07-22T09:41:00.700000,4ca63b,EIN893,30900,465.4,355.6,38.806876,-8.284119,0.3,3351,A3
2025-07-22T09:41:00.700000,407e68,,37000,,,,,3.1,,
2025-07-22T09:41:00.700000,495cd0,WFL3410,36000,501.7,93.1,39.911421,-8.559448,0.0,3373,A5
2025-07-22T09:41:00.700000,39de4f,TVF48LB,38000,466.2,31.8,39.159929,-7.466614,0.1,2001,A3
2025-07-22T09:41:00.700000,495148,TAP832,20650,408.8,63.9,39.235931,-8.104149,48.3,5437,A3
2025-07-22T09:41:00.700000,440185,EJU35VY,30275,391.4,242.5,39.203842,-7.259455,3.1,3761,A3
2025-07-22T09:41:00.700000,4080e2,EXS6D,37000,437.4,169.5,39.774279,-8.00531,0.0,3726,A3
2025-07-22T09:41:00.700000,44d1c3,,37000,429.5,193.9,,,26.2,,
2025-07-22T09:41:00.700000,8962e6,,,,,,,0.0,,A5
2025-07-22T09:41:00.700000,400981,,,,,,,93.9,,A3
2025-07-22T09:41:00.700000,3c6469,,,,,,,135.4,,A0
2025-07-22T09:41:00.700000,4d21c8,CXI98PX,37000,433.1,201.1,39.269559,-7.81366,0.0,3736,A3
2025-07-22T09:41:00.700000,34768f,VLG2653,35050,456.1,155.8,38.874298,-7.700282,0.0,4523,A3
2025-07-22T09:41:00.700000,348395,,,,,,,273.6,,A3
2025-07-22T09:41:00.700000,346419,,,,,,,218.2,,A5
2025-07-22T09:41:00.700000,40775c,,37000,436.0,186.7,,,17.4,,A3
2025-07-22T09:41:00.700000,347588,,,,,,,108.2,,A3
2025-07-22T09:41:00.700000,406e9f,,,,,,,256.0,,A5
2025-07-22T09:41:00.700000,4076e2,,,,,,,293.1,,A3
2025-07-22T09:41:00.700000,4867b0,,38025,,,,,23.6,,A3
2025-07-22T09:41:00.700000,4952c4,,,,,,,160.4,,A3
2025-07-22T09:41:00.700000,490036,,ground,0.0,,39.54911,-8.867952,0.8,,
2025-07-22T09:42:00.800000,4b1698,,,,,,,13.5,,
2025-07-22T09:42:00.800000,407f1f,,29100,,,,,11.9,,
2025-07-22T09:42:00.800000,3c56f6,,,,,,,36.4,,
2025-07-22T09:42:00.800000,4ca63b,EIN893,32425,463.4,355.5,38.971619,-8.30029,4.3,3351,A3
2025-07-22T09:42:00.800000,407e68,,37000,436.4,186.1,,,0.2,2020,
2025-07-22T09:42:00.800000,495cd0,WFL3410,36000,503.8,93.2,39.903601,-8.374573,0.2,3373,A5
2025-07-22T09:42:00.800000,39de4f,TVF48LB,38000,468.4,31.8,39.27212,-7.377136,0.1,2001,A3
2025-07-22T09:42:00.800000,495148,TAP832,23650,421.3,64.4,39.327255,-7.860121,0.1,5437,A3
2025-07-22T09:42:00.800000,440185,EJU35VY,29200,395.4,242.3,39.14857,-7.395813,0.0,3761,A3
2025-07-22T09:42:00.800000,4080e2,EXS6D,37000,438.2,169.6,39.655746,-7.97703,0.0,3726,A3
2025-07-22T09:42:00.800000,44d1c3,,,,,,,86.3,,
2025-07-22T09:42:00.800000,8962e6,,32350,,,,,42.5,6202,A5
2025-07-22T09:42:00.800000,400981,,,,,,,154.1,,A3
2025-07-22T09:42:00.800000,3c6469,,,,,,,195.6,,A0
2025-07-22T09:42:00.800000,4d21c8,CXI98PX,37000,433.6,200.9,39.157415,-7.869263,0.1,3736,A3
2025-07-22T09:42:00.800000,34768f,VLG2653,35000,453.0,155.8,38.759399,-7.634304,0.0,4523,A3
2025-07-22T09:42:00.800000,346419,,,,,,,278.4,,A5
2025-07-22T09:42:00.800000,40775c,,37000,435.1,186.9,,,37.1,,A3
2025-07-22T09:42:00.800000,347588,,,,,,,168.4,,A3
2025-07-22T09:42:00.800000,4867b0,,1700,,,,,4.9,,A3
2025-07-22T09:42:00.800000,4952c4,,,,,,,220.6,,A3
2025-07-22T09:42:00.800000,490036,,ground,0.0,,39.549105,-8.867966,0.2,,
2025-07-22T09:43:01,020095,,37000,438.0,192.3,,,33.8,5252,
2025-07-22T09:43:01,3c6461,CFG9YW,29675,468.8,5.0,38.72525,-7.929084,0.0,2037,A0
2025-07-22T09:43:01,4b1698,,,,,,,73.7,,
2025-07-22T09:43:01,407f1f,RUK4088,37000,437.0,186.7,40.258003,-7.294547,0.2,2052,A3
2025-07-22T09:43:01,3c56f6,,,,,,,96.6,,
2025-07-22T09:43:01,4ca63b,EIN893,33600,462.4,355.5,39.111557,-8.314202,0.0,3351,A3
2025-07-22T09:43:01,407e68,,37000,,,,,9.6,2020,
2025-07-22T09:43:01,495cd0,WFL3410,36000,504.8,93.3,39.895477,-8.190128,0.2,3373,A5
2025-07-22T09:43:01,39de4f,TVF48LB,38025,470.0,32.1,39.37999,-7.290563,0.5,2001,A3
2025-07-22T09:43:01,495148,TAP832,24950,433.4,64.4,39.379074,-7.720642,0.0,5437,A3
2025-07-22T09:43:01,440185,EJU35VY,27500,405.2,242.4,39.097176,-7.521545,0.3,3761,A3
2025-07-22T09:43:01,4080e2,EXS6D,37000,439.2,169.6,39.533743,-7.948364,0.0,3726,A3
2025-07-22T09:43:01,44d1c3,,,,,,,146.5,,
2025-07-22T09:43:01,8962e6,,,,,,,102.7,,A5
2025-07-22T09:43:01,400981,,,,,,,214.3,,A3
2025-07-22T09:43:01,3c6469,,,,,,,255.7,,A0
2025-07-22T09:43:01,4d21c8,CXI98PX,37000,433.6,200.9,39.044495,-7.924904,0.0,3736,A3
2025-07-22T09:43:01,34768f,VLG2653,34975,453.0,155.8,38.651671,-7.572388,0.0,4523,A3
2025-07-22T09:43:01,40775c,,,,,,,97.3,,A3
2025-07-22T09:43:01,347588,,,,,,,228.6,,A3
2025-07-22T09:43:01,4867b0,,38000,,,,,52.9,,A3
2025-07-22T09:43:01,4952c4,,,,,,,280.8,,A3
2025-07-22T09:43:01,490036,,ground,0.0,,39.549105,-8.867966,0.3,,
2025-07-22T09:44:01.200000,4d2535,WMT3NK,10375,331.9,85.7,41.381634,-8.426389,1.3,5447,A3
2025-07-22T09:44:01.200000,020095,RAM809P,37000,,,,,23.8,5252,
2025-07-22T09:44:01.200000,3c6461,CFG9YW,30450,484.8,33.1,38.806597,-7.903931,0.1,2037,A0
2025-07-22T09:44:01.200000,4b1698,,,,,,,133.9,,
2025-07-22T09:44:01.200000,407f1f,RUK4088,37000,437.0,186.7,40.214218,-7.301147,7.5,2052,A3
2025-07-22T09:44:01.200000,3c56f6,,,,,,,156.8,,
2025-07-22T09:44:01.200000,4ca63b,EIN893,34850,455.3,355.6,39.243118,-8.327159,0.1,3351,A3
2025-07-22T09:44:01.200000,407e68,EXS22AS,37000,438.4,186.0,40.001129,-7.365417,43.0,2020,A3
2025-07-22T09:44:01.200000,495cd0,WFL3410,36000,503.9,93.4,39.887587,-8.017151,0.1,3373,A5
2025-07-22T09:44:01.200000,39de4f,TVF48LB,38025,470.0,32.1,39.385614,-7.286011,56.6,2001,A3
2025-07-22T09:44:01.200000,495148,TAP832,26175,443.7,64.6,39.431561,-7.578369,0.3,5437,A3
2025-07-22T09:44:01.200000,440185,,27500,405.2,242.4,39.097176,-7.521545,58.0,3761,A3
2025-07-22T09:44:01.200000,4080e2,EXS6D,37000,439.0,169.8,39.41272,-7.919769,0.1,3726,A3
2025-07-22T09:44:01.200000,44d1c3,TFL6CN,37000,,,,,0.6,3724,
2025-07-22T09:44:01.200000,8962e6,,,,,,,162.9,,A5
2025-07-22T09:44:01.200000,400981,,,,,,,274.5,,A3
2025-07-22T09:44:01.200000,4d21c8,CXI98PX,37000,434.0,201.1,38.929642,-7.981269,0.1,3736,A3
2025-07-22T09:44:01.200000,34768f,VLG2653,34975,453.9,155.8,38.531986,-7.503723,0.3,4523,A3
2025-07-22T09:44:01.200000,40775c,,,,,,,157.5,,A3
2025-07-22T09:44:01.200000,347588,,,,,,,288.8,,A3
2025-07-22T09:44:01.200000,4867b0,,,,,,,113.1,,A3
2025-07-22T09:44:01.200000,490036,,ground,0.0,,39.54911,-8.867952,0.6,,
2025-07-22T09:45:00.400000,4952cb,TAP668,21625,382.7,48.8,39.26532,-8.593697,0.0,5442,A3
2025-07-22T09:45:00.400000,4d2535,WMT3NK,10375,342.9,85.8,41.381634,-8.426389,55.1,5447,A3
2025-07-22T09:45:00.400000,020095,,37000,,,,,35.8,,
2025-07-22T09:45:00.400000,3c6461,CFG9YW,31400,488.5,34.4,38.956238,-7.777604,0.0,2037,A0
2025-07-22T09:45:00.400000,4b1698,,,,,,,193.0,,
2025-07-22T09:45:00.400000,407f1f,RUK4088,37000,438.0,186.7,40.016006,-7.331238,0.8,2052,A3
2025-07-22T09:45:00.400000,3c56f6,,,,,,,215.9,,
2025-07-22T09:45:00.400000,4ca63b,EIN893,35775,453.3,355.7,39.366989,-8.339578,0.0,3351,A3
2025-07-22T09:45:00.400000,407e68,,,,,,,102.2,,A3
2025-07-22T09:45:00.400000,495cd0,WFL3410,36000,504.0,93.5,39.879021,-7.835144,0.1,3373,A5
2025-07-22T09:45:00.400000,39de4f,,,,,,,26.7,,A3
2025-07-22T09:45:00.400000,495148,TAP832,26875,448.6,64.5,39.460602,-7.499602,26.3,5437,A3
2025-07-22T09:45:00.400000,440185,EJU35VY,23550,390.0,244.5,38.997391,-7.773245,0.1,3761,A3
2025-07-22T09:45:00.400000,4080e2,EXS6D,37000,439.3,169.5,39.298375,-7.892883,0.1,3726,A3
2025-07-22T09:45:00.400000,44d1c3,TFL6CN,37000,433.7,193.9,39.523636,-7.238438,0.0,3724,A3
2025-07-22T09:45:00.400000,8962e6,,,,,,,222.0,,A5
2025-07-22T09:45:00.400000,4d21c8,CXI98PX,37000,435.5,200.8,38.819259,-8.035156,0.1,3736,A3
2025-07-22T09:45:00.400000,34768f,VLG2653,35000,455.2,155.7,38.416168,-7.437625,0.1,4523,A3
2025-07-22T09:45:00.400000,40775c,,,,,,,216.6,,A3
2025-07-22T09:45:00.400000,4867b0,,,,,,,172.2,,A3
2025-07-22T09:45:00.400000,490036,,ground,0.0,,39.549105,-8.867966,1.7,,
2025-07-22T09:46:00.500000,4010dc,,37000,432.5,196.8,,,0.1,3750,
2025-07-22T09:46:00.500000,aad213,AAL69,31000,471.7,274.9,40.768707,-8.754395,7.1,,
2025-07-22T09:46:00.500000,4952cb,TAP668,23925,398.3,48.9,39.338104,-8.486819,0.0,5442,A3
2025-07-22T09:46:00.500000,4d2535,,,,,,,115.3,,A3
2025-07-22T09:46:00.500000,020095,,37000,,,,,16.1,5252,
2025-07-22T09:46:00.500000,3c6461,CFG9YW,31925,486.2,34.4,39.004537,-7.735107,32.8,2037,A0
2025-07-22T09:46:00.500000,4b1698,,,,,,,253.2,,
2025-07-22T09:46:00.500000,407f1f,RUK4088,37000,438.0,186.7,40.016006,-7.331238,54.8,2052,A3
2025-07-22T09:46:00.500000,3c56f6,,,,,,,276.1,,
2025-07-22T09:46:00.500000,4ca63b,EIN893,36000,465.4,355.6,39.495163,-8.352475,0.0,3351,A3
2025-07-22T09:46:00.500000,407e68,,,,,,,162.4,,A3
2025-07-22T09:46:00.500000,495cd0,WFL3410,36000,504.0,93.5,39.878416,-7.822205,13.5,0553,A5
2025-07-22T09:46:00.500000,39de4f,,38025,,,,,46.7,,A3
2025-07-22T09:46:00.500000,495148,TAP832,28650,,,39.519012,-7.340658,0.2,,A3
2025-07-22T09:46:00.500000,440185,EJU35VY,22100,363.1,243.9,38.951049,-7.89563,0.5,3761,A3
2025-07-22T09:46:00.500000,4080e2,EXS6D,37000,439.8,169.9,39.177013,-7.864258,0.0,3726,A3
2025-07-22T09:46:00.500000,44d1c3,TFL6CN,37000,434.6,193.8,39.408983,-7.275024,0.1,4660,A3
2025-07-22T09:46:00.500000,8962e6,,,,,,,282.2,,A5
2025-07-22T09:46:00.500000,4d21c8,CXI98PX,37000,436.8,200.9,38.751205,-8.068324,0.9,3736,A3
2025-07-22T09:46:00.500000,34768f,VLG2653,35025,456.6,156.0,38.302297,-7.372841,0.0,4523,A3
2025-07-22T09:46:00.500000,40775c,,,,,,,276.8,,A3
2025-07-22T09:46:00.500000,4867b0,,,,,,,232.4,,A3
2025-07-22T09:46:00.500000,490036,,ground,0.0,,39.54911,-8.867952,0.9,,
2025-07-22T09:47:00.700000,3c6469,,36025,474.1,26.3,40.526563,-6.429561,26.7,2223,
2025-07-22T09:47:00.700000,4010dc,EFW93E,37025,432.5,196.8,,,2.9,3750,A3
2025-07-22T09:47:00.700000,aad213,,,,,,,67.3,,
2025-07-22T09:47:00.700000,4952cb,TAP668,26050,412.5,48.9,39.413361,-8.375582,0.0,5442,A3
2025-07-22T09:47:00.700000,4d2535,,,,,,,175.4,,A3
2025-07-22T09:47:00.700000,020095,,,,,,,76.3,,
2025-07-22T09:47:00.700000,3c6461,CFG9YW,33400,486.0,34.6,39.181778,-7.578477,0.1,2037,A0
2025-07-22T09:47:00.700000,407f1f,,,,,,,115.0,,A3
2025-07-22T09:47:00.700000,4ca63b,EIN893,36000,466.4,355.6,39.62352,-8.365372,0.0,3351,A3
2025-07-22T09:47:00.700000,407e68,EXS22AS,37000,440.4,186.0,39.547104,-7.425598,0.3,2020,A3
2025-07-22T09:47:00.700000,495cd0,,,,,,,73.7,,A5
2025-07-22T09:47:00.700000,39de4f,,,,,,,106.9,,A3
2025-07-22T09:47:00.700000,495148,,29350,462.1,64.8,39.573944,-7.190194,18.0,5437,A3
2025-07-22T09:47:00.700000,440185,EJU35VY,20775,335.5,242.3,38.907898,-8.007421,0.1,3761,A3
2025-07-22T09:47:00.700000,4080e2,EXS6D,36475,435.7,170.0,39.060791,-7.837491,1.2,3726,A3
2025-07-22T09:47:00.700000,44d1c3,TFL6CN,37000,435.6,193.8,39.289627,-7.312655,0.0,3724,A3
2025-07-22T09:47:00.700000,4d21c8,,37000,436.8,200.9,,,37.0,,A3
2025-07-22T09:47:00.700000,34768f,VLG2653,35025,455.7,155.9,38.186417,-7.307019,0.4,4523,A3
2025-07-22T09:47:00.700000,4867b0,,,,,,,292.6,,A3
2025-07-22T09:47:00.700000,490036,,ground,0.0,,39.54911,-8.867952,0.1,,
2025-07-22T09:48:00.900000,4b1a2c,EZS86MH,17050,385.6,46.8,39.221008,-8.61567,0.2,4716,A3
2025-07-22T09:48:00.900000,3c6469,,33825,,,,,29.1,2037,
2025-07-22T09:48:00.900000,4010dc,EFW93E,37000,431.2,196.7,40.106323,-7.847168,0.6,3750,A3
2025-07-22T09:48:00.900000,aad213,,,,,,,127.5,,
2025-07-22T09:48:00.900000,4952cb,TAP668,27950,422.4,48.8,39.48967,-8.262674,0.1,5442,A3
2025-07-22T09:48:00.900000,4d2535,,,,,,,235.6,,A3
2025-07-22T09:48:00.900000,020095,,,,,,,136.5,,
2025-07-22T09:48:00.900000,3c6461,CFG9YW,34275,484.3,34.7,39.289949,-7.482361,0.6,2037,A0
2025-07-22T09:48:00.900000,407f1f,,37000,437.8,186.4,,,1.9,2052,A3
2025-07-22T09:48:00.900000,4ca63b,EIN893,36000,463.4,355.5,39.752911,-8.378479,0.0,3351,A3
2025-07-22T09:48:00.900000,407e68,EXS22AS,37000,440.3,185.9,39.424485,-7.442078,0.6,2020,A3
2025-07-22T09:48:00.900000,495cd0,,,,,,,133.9,,A5
2025-07-22T09:48:00.900000,39de4f,,,,,,,167.1,,A3
2025-07-22T09:48:00.900000,495148,,30000,,,,,20.9,5437,A3
2025-07-22T09:48:00.900000,440185,EJU35VY,19800,368.1,237.6,38.855713,-8.111731,0.0,3761,A3
2025-07-22T09:48:00.900000,4080e2,EXS6D,35425,421.9,169.6,38.939941,-7.809787,0.9,3726,A3
2025-07-22T09:48:00.900000,44d1c3,TFL6CN,37000,435.4,193.7,39.171241,-7.349976,0.1,3724,A3
2025-07-22T09:48:00.900000,4d21c8,,37000,438.1,201.0,,,44.8,,A3
2025-07-22T09:48:00.900000,34768f,VLG2653,35025,456.2,153.4,38.120041,-7.269326,14.1,5060,A3
2025-07-22T09:48:00.900000,490036,,ground,0.0,,39.54911,-8.867952,0.9,,
2025-07-22T09:49:01.100000,407f62,,35000,427.1,196.7,,,0.3,,
2025-07-22T09:49:01.100000,39a2e0,,35000,,,,,2.8,7626,
2025-07-22T09:49:01.100000,4b1a2c,EZS86MH,19275,392.6,46.8,39.295163,-8.514099,0.1,4716,A3
2025-07-22T09:49:01.100000,3c6469,,34725,,,,,40.6,,
2025-07-22T09:49:01.100000,4010dc,EFW93E,36975,431.2,196.7,40.009879,-7.88475,0.3,3750,A3
2025-07-22T09:49:01.100000,aad213,,,,,,,187.7,,
2025-07-22T09:49:01.100000,4952cb,TAP668,29450,436.7,49.1,39.568039,-8.146303,0.3,5442,A3
2025-07-22T09:49:01.100000,4d2535,,,,,,,295.8,,A3
2025-07-22T09:49:01.100000,020095,,,,,,,196.7,,
2025-07-22T09:49:01.100000,3c6461,CFG9YW,35275,477.9,34.7,39.400976,-7.383179,0.4,2037,A0
2025-07-22T09:49:01.100000,407f1f,RUK4088,37000,437.0,186.7,39.534069,-7.403503,0.0,2052,A3
2025-07-22T09:49:01.100000,4ca63b,EIN893,36000,463.3,355.7,39.882094,-8.391479,0.0,3351,A3
2025-07-22T09:49:01.100000,407e68,EXS22AS,37000,439.3,185.9,39.301025,-7.458344,0.1,2020,A3
2025-07-22T09:49:01.100000,495cd0,,,,,,,194.1,,A5
2025-07-22T09:49:01.100000,39de4f,,,,,,,227.2,,A3
2025-07-22T09:49:01.100000,495148,,,,,,,81.1,,A3
2025-07-22T09:49:01.100000,440185,EJU35VY,19400,372.0,237.3,38.833466,-8.156453,11.7,3761,A3
2025-07-22T09:49:01.100000,4080e2,EXS6D,34700,419.9,169.6,38.859806,-7.791016,4.6,3726,A3
2025-07-22T09:49:01.100000,44d1c3,TFL6CN,37000,434.6,193.8,39.053192,-7.387052,0.0,3724,A3
2025-07-22T09:49:01.100000,4d21c8,,37000,438.7,200.8,,,13.2,,A3
2025-07-22T09:49:01.100000,34768f,VLG2653,35025,471.8,123.6,38.046353,-7.190791,38.6,,A3
2025-07-22T09:49:01.100000,490036,,ground,0.0,,39.54911,-8.867952,0.2,,
2025-07-22T09:50:01.300000,4aca14,NSZ75Z,37000,441.2,185.7,40.559921,-7.291687,0.9,1161,A3
2025-07-22T09:50:01.300000,3c65d0,,33000,,,,,29.1,,
2025-07-22T09:50:01.300000,407f62,EZY29EV,35000,425.6,196.5,40.290024,-7.795593,0.2,7710,A3
2025-07-22T09:50:01.300000,39a2e0,,35000,,,,,63.0,,
2025-07-22T09:50:01.300000,4b1a2c,EZS86MH,21275,402.6,46.9,39.370624,-8.410461,0.0,4716,A3
2025-07-22T09:50:01.300000,3c6469,,,,,,,100.8,,
2025-07-22T09:50:01.300000,4010dc,EFW93E,36975,433.1,196.6,39.878265,-7.936129,0.0,3750,A3
2025-07-22T09:50:01.300000,aad213,,,,,,,247.9,,
2025-07-22T09:50:01.300000,4952cb,TAP668,29900,466.4,49.0,39.64235,-8.035645,1.0,5442,A3
2025-07-22T09:50:01.300000,020095,RAM809P,37000,443.6,192.0,39.536769,-7.224609,0.4,5252,A3
2025-07-22T09:50:01.300000,3c6461,,35925,478.5,34.8,39.512608,-7.283264,0.7,2037,A0
2025-07-22T09:50:01.300000,407f1f,RUK4088,37000,437.9,186.6,39.405073,-7.422852,0.3,2052,A3
2025-07-22T09:50:01.300000,4ca63b,EIN893,35975,463.4,355.5,40.010193,-8.40448,0.1,3351,A3
2025-07-22T09:50:01.300000,407e68,EXS22AS,37000,440.3,185.9,39.178482,-7.474345,0.0,2020,A3
2025-07-22T09:50:01.300000,495cd0,,,,,,,254.2,,A5
2025-07-22T09:50:01.300000,39de4f,,,,,,,287.4,,A3
2025-07-22T09:50:01.300000,495148,,,,,,,141.2,,A3
2025-07-22T09:50:01.300000,440185,EJU35VY,17825,364.5,237.1,38.758229,-8.305237,0.1,3761,A3
2025-07-22T09:50:01.300000,4080e2,EXS6D,32350,395.3,177.8,38.712112,-7.774559,0.2,3726,A3
2025-07-22T09:50:01.300000,44d1c3,TFL6CN,37000,434.6,193.8,39.052346,-7.387329,47.6,,A3
2025-07-22T09:50:01.300000,4d21c8,,,,,,,73.4,,A3
2025-07-22T09:50:01.300000,34768f,,,466.9,127.8,,,41.6,,A3
2025-07-22T09:50:01.300000,490036,,ground,0.0,,39.54911,-8.867952,0.2,,
2025-07-22T09:51:01.500000,4952af,,33375,464.0,56.5,,,7.7,3566,
2025-07-22T09:51:01.500000,4aca14,NSZ75Z,37000,441.2,185.7,40.435181,-7.308343,0.8,1161,A3
2025-07-22T09:51:01.500000,3c65d0,,,,,,,89.3,,
2025-07-22T09:51:01.500000,407f62,EZY29EV,34975,425.6,196.5,40.278439,-7.800043,3.2,7710,A3
2025-07-22T09:51:01.500000,39a2e0,,,,,,,123.2,,
2025-07-22T09:51:01.500000,4b1a2c,EZS86MH,23050,413.7,45.9,39.447693,-8.304589,0.1,4716,A3
2025-07-22T09:51:01.500000,3c6469,,,,,,,160.9,,
2025-07-22T09:51:01.500000,4010dc,EFW93E,37000,434.4,196.7,39.762827,-7.980774,0.7,3750,A3
2025-07-22T09:51:01.500000,4952cb,TAP668,30200,487.5,47.1,39.665998,-8.000366,19.3,5442,A3
2025-07-22T09:51:01.500000,020095,RAM809P,37000,443.6,192.0,39.50125,-7.234375,15.3,5252,A3
2025-07-22T09:51:01.500000,3c6461,CFG9YW,36000,474.9,34.8,39.593563,-7.210449,1.1,2037,A0
2025-07-22T09:51:01.500000,407f1f,RUK4088,37000,437.9,186.6,39.286271,-7.440491,0.9,2052,A3
2025-07-22T09:51:01.500000,4ca63b,EIN893,36000,464.4,355.6,40.139008,-8.417603,0.3,3351,A3
2025-07-22T09:51:01.500000,407e68,EXS22AS,37000,439.3,185.9,39.081581,-7.487,6.7,2020,A3
2025-07-22T09:51:01.500000,495148,,,,,,,201.4,,A3
2025-07-22T09:51:01.500000,440185,EJU35VY,16100,355.0,237.1,38.692451,-8.435181,0.1,3761,A3
2025-07-22T09:51:01.500000,4080e2,EXS6D,30600,387.3,177.6,38.609436,-7.769483,0.3,3726,A3
2025-07-22T09:51:01.500000,44d1c3,,,,,,,107.7,,A3
2025-07-22T09:51:01.500000,4d21c8,,,,,,,133.5,,A3
2025-07-22T09:51:01.500000,34768f,,,,,,,101.8,,A3
2025-07-22T09:51:01.500000,490036,,ground,0.0,,39.54911,-8.867952,3.6,,
2025-07-22T09:52:01.600000,4ca741,,10475,321.4,114.3,41.362501,-8.50373,25.4,3363,
2025-07-22T09:52:01.600000,4952af,,,,,,,67.9,,
2025-07-22T09:52:01.600000,4d2023,,27475,,,,,2.6,,A3
2025-07-22T09:52:01.600000,4aca14,NSZ75Z,37000,442.4,186.0,40.401058,-7.313024,0.9,1161,A3
2025-07-22T09:52:01.600000,3c65d0,,,,,,,149.4,,
2025-07-22T09:52:01.600000,407f62,EZY29EV,34975,425.6,196.5,40.062716,-7.883439,0.0,7710,A3
2025-07-22T09:52:01.600000,39a2e0,,,,,,,183.4,,
2025-07-22T09:52:01.600000,4b1a2c,EZS86MH,24550,427.2,44.1,39.532859,-8.197632,0.0,4716,A3
2025-07-22T09:52:01.600000,3c6469,,36000,476.3,26.6,,,4.8,,
2025-07-22T09:52:01.600000,4010dc,EFW93E,37025,436.3,196.6,39.647781,-8.025154,0.6,3750,A3
2025-07-22T09:52:01.600000,4952cb,,,,,,,79.5,,A3
2025-07-22T09:52:01.600000,020095,RAM809P,37000,445.8,192.0,39.304753,-7.288269,0.3,5252,A3
2025-07-22T09:52:01.600000,3c6461,,36000,476.1,35.0,39.637299,-7.171087,35.6,2037,A0
2025-07-22T09:52:01.600000,407f1f,RUK4088,37000,438.9,186.5,39.16452,-7.458344,0.1,2052,A3
2025-07-22T09:52:01.600000,4ca63b,EIN893,36025,463.5,355.4,40.26828,-8.430908,0.0,3351,A3
2025-07-22T09:52:01.600000,407e68,,,439.2,185.7,,,59.2,7616,A3
2025-07-22T09:52:01.600000,495148,,,,,,,261.6,,A3
2025-07-22T09:52:01.600000,440185,EJU35VY,16100,355.0,237.1,38.692451,-8.435181,33.9,3761,A3
2025-07-22T09:52:01.600000,4080e2,EXS6D,28850,381.3,177.6,38.545303,-7.765901,4.8,3726,A3
2025-07-22T09:52:01.600000,44d1c3,TFL6CN,37000,433.2,193.6,38.701721,-7.496796,0.0,3724,A3
2025-07-22T09:52:01.600000,4d21c8,,,,,,,193.7,,A3
2025-07-22T09:52:01.600000,34768f,,,,,,,161.9,,A3
2025-07-22T09:52:01.600000,490036,,ground,0.0,,39.54911,-8.867952,0.3,,
2025-07-22T09:53:00.800000,48c2ae,RYR63SB,14375,358.6,48.8,39.239347,-8.632019,1.8,5453,A3
2025-07-22T09:53:00.800000,4ca741,,,,,,,84.6,,
2025-07-22T09:53:00.800000,4952af,,,,,,,127.0,,
2025-07-22T09:53:00.800000,4d2023,,27475,,,,,18.2,,A3
2025-07-22T09:53:00.800000,4aca14,NSZ75Z,37000,442.3,185.8,40.196461,-7.34049,0.1,1161,A3
2025-07-22T09:53:00.800000,3c65d0,,,,,,,208.6,,
2025-07-22T09:53:00.800000,407f62,EZY29EV,35000,426.5,196.5,39.952434,-7.925699,1.1,7710,A3
2025-07-22T09:53:00.800000,39a2e0,,35000,429.7,201.4,40.651369,-7.122262,0.9,7626,
2025-07-22T09:53:00.800000,4b1a2c,EZS86MH,26175,433.5,44.5,39.616606,-8.091553,0.0,4716,A3
2025-07-22T09:53:00.800000,3c6469,,36025,,,,,50.0,,
2025-07-22T09:53:00.800000,4010dc,EFW93E,37025,436.0,196.5,39.529507,-8.070679,0.0,3750,A3
2025-07-22T09:53:00.800000,4952cb,,,,,,,138.7,,A3
2025-07-22T09:53:00.800000,020095,RAM809P,37000,445.6,191.9,39.175477,-7.323425,0.0,5252,A3
2025-07-22T09:53:00.800000,3c6461,,,,,,,94.8,,A0
2025-07-22T09:53:00.800000,407f1f,RUK4088,37000,437.9,186.6,39.072693,-7.471897,2.8,2052,A3
2025-07-22T09:53:00.800000,4ca63b,EIN893,36000,461.4,355.5,40.394215,-8.443929,0.0,3351,A3
2025-07-22T09:53:00.800000,407e68,,35900,439.3,185.9,38.818747,-7.521118,1.9,2020,A3
2025-07-22T09:53:00.800000,440185,,,,,,,93.1,,A3
2025-07-22T09:53:00.800000,4080e2,,27725,381.3,177.6,,,19.3,,A3
2025-07-22T09:53:00.800000,44d1c3,TFL6CN,37000,433.2,193.6,38.641937,-7.515246,0.3,3724,A3
2025-07-22T09:53:00.800000,4d21c8,,,,,,,252.9,,A3
2025-07-22T09:53:00.800000,34768f,,,,,,,221.1,,A3
2025-07-22T09:53:00.800000,490036,,ground,0.0,,39.54911,-8.867952,0.9,,
2025-07-22T09:54:01,48c2ae,RYR63SB,16150,374.1,48.7,39.308578,-8.530585,0.0,5453,A3
2025-07-22T09:54:01,4ca741,,,,,,,144.8,,
2025-07-22T09:54:01,4952af,,,,,,,187.2,,
2025-07-22T09:54:01,4d2023,,,,,,,78.4,,A3
2025-07-22T09:54:01,4aca14,NSZ75Z,37000,442.3,185.8,40.076523,-7.356506,1.9,1161,A3
2025-07-22T09:54:01,3c65d0,,,,,,,268.8,,
2025-07-22T09:54:01,407f62,EZY29EV,35025,424.6,196.6,39.855047,-7.963135,7.4,7710,A3
2025-07-22T09:54:01,39a2e0,,35000,430.6,201.4,40.596954,-7.15033,9.8,7626,
2025-07-22T09:54:01,4b1a2c,EZS86MH,27625,442.7,44.6,39.701378,-7.983459,0.9,4716,A3
2025-07-22T09:54:01,3c6469,,,,,,,110.1,,
2025-07-22T09:54:01,4010dc,EFW93E,37025,435.0,196.6,39.413825,-8.115112,0.1,3750,A3
2025-07-22T09:54:01,4952cb,,33800,500.4,47.5,,,16.3,5442,A3
2025-07-22T09:54:01,020095,RAM809P,37000,445.8,192.0,39.088145,-7.347107,1.8,5252,A3
2025-07-22T09:54:01,3c6461,,,,,,,155.0,,A0
2025-07-22T09:54:01,407f1f,,,,,,,53.2,,A3
2025-07-22T09:54:01,4ca63b,EIN893,36000,460.5,355.4,40.445068,-8.449097,15.8,3136,A3
2025-07-22T09:54:01,407e68,EXS22AS,33675,427.2,185.8,38.695384,-7.537109,0.0,2020,A3
2025-07-22T09:54:01,440185,,,,,,,153.3,,A3
2025-07-22T09:54:01,4080e2,,,,,,,79.5,,A3
2025-07-22T09:54:01,44d1c3,TFL6CN,37000,434.2,193.6,38.477737,-7.565998,0.2,3724,A3
2025-07-22T09:54:01,34768f,,,,,,,281.3,,A3
2025-07-22T09:54:01,490036,,ground,0.0,,39.54911,-8.867952,1.5,,
2025-07-22T09:55:01.200000,4d2300,,37000,,,,,5.3,,
2025-07-22T09:55:01.200000,4ca5c7,,39000,,,,,0.9,,
2025-07-22T09:55:01.200000,48c2ae,RYR63SB,17925,384.2,49.0,39.37793,-8.428365,0.1,5453,A3
2025-07-22T09:55:01.200000,4ca741,,,,,,,205.0,,
2025-07-22T09:55:01.200000,4952af,,,,,,,247.4,,
2025-07-22T09:55:01.200000,4d2023,,30900,477.9,11.1,,,0.1,2016,A3
2025-07-22T09:55:01.200000,4aca14,NSZ75Z,37000,443.4,186.0,40.003372,-7.366272,23.2,1161,A3
2025-07-22T09:55:01.200000,407f62,EZY29EV,35000,424.3,196.4,39.723304,-8.013428,0.0,7710,A3
2025-07-22T09:55:01.200000,39a2e0,FPO745,35000,431.9,201.5,,,7.2,7626,A3
2025-07-22T09:55:01.200000,4b1a2c,,27675,442.7,44.6,39.704681,-7.979298,12.3,4716,A3
2025-07-22T09:55:01.200000,3c6469,,,,,,,170.3,,
2025-07-22T09:55:01.200000,4010dc,EFW93E,37000,433.8,196.5,39.298187,-8.159319,0.2,3750,A3
2025-07-22T09:55:01.200000,4952cb,,,,,,,76.5,,A3
2025-07-22T09:55:01.200000,020095,,37000,444.8,192.1,39.049833,-7.357544,19.4,5252,A3
2025-07-22T09:55:01.200000,3c6461,,,,,,,215.1,,A0
2025-07-22T09:55:01.200000,407f1f,,35550,405.6,186.5,,,1.8,2052,A3
2025-07-22T09:55:01.200000,4ca63b,,36000,459.5,355.4,,,50.0,,A3
2025-07-22T09:55:01.200000,407e68,EXS22AS,31725,414.1,185.8,38.58902,-7.550772,0.0,2020,A3
2025-07-22T09:55:01.200000,440185,,,,,,,213.4,,A3
2025-07-22T09:55:01.200000,4080e2,,,,,,,139.6,,A3
2025-07-22T09:55:01.200000,44d1c3,TFL6CN,37000,434.2,193.6,38.351828,-7.604868,0.0,3724,A3
2025-07-22T09:55:01.200000,490036,,ground,0.0,,39.549105,-8.867966,0.2,,
2025-07-22T09:56:01.300000,4d2300,,37000,,,,,2.3,,
2025-07-22T09:56:01.300000,4ca5c7,EIN49W,39000,461.7,168.9,40.475693,-8.20813,0.2,3755,A5
2025-07-22T09:56:01.300000,48c2ae,RYR63SB,19775,389.8,49.0,39.448785,-8.323608,0.3,5453,A3
2025-07-22T09:56:01.300000,4ca741,,,,,,,265.1,,
2025-07-22T09:56:01.300000,4d2023,EWG3569,32075,485.3,32.1,38.733078,-7.844835,0.2,2016,A3
2025-07-22T09:56:01.300000,4aca14,,,,,,,83.4,,A3
2025-07-22T09:56:01.300000,407f62,EZY29EV,35025,422.4,196.5,39.610834,-8.056396,0.1,7710,A3
2025-07-22T09:56:01.300000,39a2e0,FPO745,35000,431.2,201.2,,,3.6,7626,A3
2025-07-22T09:56:01.300000,4b1a2c,,,,,,,72.4,,A3
2025-07-22T09:56:01.300000,3c6469,,,,,,,230.5,,
2025-07-22T09:56:01.300000,4010dc,EFW93E,37000,433.8,196.5,39.181762,-8.203674,0.0,3750,A3
2025-07-22T09:56:01.300000,4952cb,,36475,,,,,0.6,5442,A3
2025-07-22T09:56:01.300000,020095,,,,,,,79.6,,A3
2025-07-22T09:56:01.300000,3c6461,,,,,,,275.3,,A0
2025-07-22T09:56:01.300000,407f1f,RUK4088,33675,393.5,186.4,38.699527,-7.526367,0.3,2052,A3
2025-07-22T09:56:01.300000,4ca63b,,35975,460.4,355.5,,,4.7,,A3
2025-07-22T09:56:01.300000,407e68,EXS22AS,30125,435.7,183.3,38.465788,-7.563721,0.0,2020,A3
2025-07-22T09:56:01.300000,440185,,,,,,,273.6,,A3
2025-07-22T09:56:01.300000,4080e2,,,,,,,199.8,,A3
2025-07-22T09:56:01.300000,44d1c3,,37000,434.2,193.6,38.340042,-7.6085,9.2,3724,A3
2025-07-22T09:56:01.300000,490036,,ground,0.0,,39.549105,-8.867966,0.6,,
2025-07-22T09:57:01.500000,4951d6,,20650,387.7,9.8,39.503484,-8.948242,3.6,,
2025-07-22T09:57:01.500000,4d2300,,37000,,,,,9.3,5570,
2025-07-22T09:57:01.500000,4ca5c7,EIN49W,39000,463.6,168.9,40.348801,-8.175476,0.1,3755,A5
2025-07-22T09:57:01.500000,48c2ae,RYR63SB,21400,399.1,49.0,39.52002,-8.218251,0.0,5453,A3
2025-07-22T09:57:01.500000,4d2023,EWG3569,33325,482.7,32.3,38.84848,-7.751929,0.0,2016,A3
2025-07-22T09:57:01.500000,4aca14,,,,,,,143.6,,A3
2025-07-22T09:57:01.500000,407f62,EZY29EV,34975,421.2,196.4,39.498138,-8.099073,0.1,7710,A3
2025-07-22T09:57:01.500000,39a2e0,FPO745,35000,432.1,201.2,40.199719,-7.353412,0.2,7626,A3
2025-07-22T09:57:01.500000,4b1a2c,EZS86MH,31300,469.5,45.0,39.97229,-7.635315,1.2,4716,A3
2025-07-22T09:57:01.500000,3c6469,,,,,,,290.7,,
2025-07-22T09:57:01.500000,4010dc,EFW93E,36975,432.8,196.5,39.066685,-8.247314,0.3,3750,A3
2025-07-22T09:57:01.500000,4952cb,TAP668,37100,487.1,47.8,40.266495,-7.147095,19.1,5442,A3
2025-07-22T09:57:01.500000,020095,RAM809P,37000,444.6,191.9,38.692932,-7.453686,1.4,5252,A3
2025-07-22T09:57:01.500000,407f1f,RUK4088,32250,383.5,186.6,38.614563,-7.538651,9.3,2052,A3
2025-07-22T09:57:01.500000,4ca63b,EIN893,35975,461.4,355.5,,,21.4,,A3
2025-07-22T09:57:01.500000,407e68,EXS22AS,28600,440.9,183.6,38.353455,-7.57221,4.8,2020,A3
2025-07-22T09:57:01.500000,4080e2,,,,,,,260.0,,A3
2025-07-22T09:57:01.500000,44d1c3,,,,,,,69.4,,A3
2025-07-22T09:57:01.500000,490036,,ground,0.0,,39.549105,-8.867966,1.7,,
2025-07-22T09:58:01.700000,4951d6,TAP1924,21000,359.4,9.9,39.625031,-8.921197,0.1,4410,
2025-07-22T09:58:01.700000,4d2300,,,,,,,69.4,5570,
2025-07-22T09:58:01.700000,4ca5c7,EIN49W,39000,463.6,168.9,40.268663,-8.154914,0.1,3755,A5
2025-07-22T09:58:01.700000,48c2ae,RYR63SB,23000,407.3,44.4,39.595099,-8.111511,0.0,5453,A3
2025-07-22T09:58:01.700000,4d2023,EWG3569,34000,479.7,32.4,38.941273,-7.676758,0.1,2016,A3
2025-07-22T09:58:01.700000,4aca14,NSZ75Z,37000,445.2,185.7,39.578573,-7.422424,0.1,1161,A3
2025-07-22T09:58:01.700000,407f62,EZY29EV,34975,422.1,196.4,39.385521,-8.141846,0.0,7710,A3
2025-07-22T09:58:01.700000,39a2e0,FPO745,35000,432.1,201.2,40.170298,-7.368331,0.8,7626,A3
2025-07-22T09:58:01.700000,4b1a2c,EZS86MH,32275,473.4,51.6,40.031982,-7.541565,11.6,4716,A3
2025-07-22T09:58:01.700000,4010dc,EFW93E,37000,433.5,196.3,38.952678,-8.290405,0.0,3750,A3
2025-07-22T09:58:01.700000,4952cb,,,,,,,79.3,,A3
2025-07-22T09:58:01.700000,020095,RAM809P,37000,444.6,191.9,38.5885,-7.481689,0.8,5252,A3
2025-07-22T09:58:01.700000,407f1f,RUK4088,30450,418.8,183.6,38.486938,-7.552205,0.2,2052,A3
2025-07-22T09:58:01.700000,4ca63b,,36000,,,,,2.2,,A3
2025-07-22T09:58:01.700000,407e68,,26425,432.0,183.8,38.353455,-7.57221,13.5,2020,A3
2025-07-22T09:58:01.700000,44d1c3,,,,,,,129.6,,A3
2025-07-22T09:58:01.700000,490036,,ground,0.0,,39.54911,-8.867952,0.5,,
2025-07-22T09:59:01.900000,4951d6,TAP1924,21000,360.4,9.9,39.723723,-8.899048,0.0,4410,A3
2025-07-22T09:59:01.900000,4d2300,,,433.4,201.2,,,7.8,,
2025-07-22T09:59:01.900000,4ca5c7,EIN49W,39000,463.4,169.1,40.105499,-8.113281,0.0,3755,A5
2025-07-22T09:59:01.900000,48c2ae,RYR63SB,24450,418.6,44.4,39.676426,-8.008972,1.3,5453,A3
2025-07-22T09:59:01.900000,4d2023,,,479.7,32.4,,,42.5,2016,A3
2025-07-22T09:59:01.900000,4aca14,NSZ75Z,37000,445.3,185.8,39.451584,-7.439117,0.1,1161,A3
2025-07-22T09:59:01.900000,407f62,EZY29EV,35000,424.0,196.3,39.273516,-8.18396,0.0,7710,A3
2025-07-22T09:59:01.900000,39a2e0,FPO745,35000,430.3,201.3,39.984648,-7.462339,5.1,7626,A3
2025-07-22T09:59:01.900000,4b1a2c,,33475,482.4,51.4,40.138687,-7.367493,0.5,4716,A3
2025-07-22T09:59:01.900000,4010dc,EFW93E,36975,434.8,196.4,38.835251,-8.334623,0.0,3750,A3
2025-07-22T09:59:01.900000,4952cb,,,,,,,139.4,,A3
2025-07-22T09:59:01.900000,020095,RAM809P,37000,444.4,191.8,38.457504,-7.516798,0.8,5252,A3
2025-07-22T09:59:01.900000,407f1f,RUK4088,28975,429.1,184.0,38.391861,-7.560172,10.8,2052,A3
2025-07-22T09:59:01.900000,4ca63b,EIN893,36025,464.5,355.4,41.160558,-8.52358,0.2,3351,A3
2025-07-22T09:59:01.900000,407e68,,,,,,,73.7,,A3
2025-07-22T09:59:01.900000,44d1c3,,,,,,,15.0,,A3
2025-07-22T09:59:01.900000,490036,,ground,0.0,,39.549105,-8.867966,4.3,,
