timestamp,hex,flight,alt_baro,gs,track,lat,lon,seen,squawk,category
2025-07-19T08:00:00.900000,4d2115,HFM001,19125,403.4,63.8,39.07489,-8.465145,1.6,5440,A2
2025-07-19T08:00:00.900000,ab44af,,,,,,,55.4,,
2025-07-19T08:00:00.900000,484f6c,TRA26M,37000,436.5,221.3,40.814861,-8.430134,0.1,3745,A3
2025-07-19T08:00:00.900000,407bdc,RUK655H,37025,462.1,192.0,40.125422,-7.062898,3.3,5202,A3
2025-07-19T08:00:00.900000,4952cb,,33000,430.6,233.0,,,25.8,3734,
2025-07-19T08:00:00.900000,ab4732,,,,,,,121.6,,
2025-07-19T08:00:00.900000,40777c,,,,,,,261.2,,
2025-07-19T08:00:00.900000,4cadbd,RYR7YP,37000,466.4,196.6,40.16946,-7.842927,0.2,2253,A3
2025-07-19T08:00:00.900000,4d2314,,34000,,,38.777409,-7.377563,66.5,,A3
2025-07-19T08:00:00.900000,4951d9,TAP640,25650,447.8,46.5,39.629333,-8.05262,0.0,4705,A3
2025-07-19T08:00:00.900000,4d2247,RYR7243,35850,428.5,355.2,38.888077,-8.26345,0.1,4710,A3
2025-07-19T08:00:00.900000,48683e,TRA5951,32375,420.2,213.8,40.141669,-8.116087,0.1,3731,A3
2025-07-19T08:00:00.900000,495149,TAP535,27150,414.9,209.0,39.726059,-8.755148,0.1,1134,A3
2025-07-19T08:00:00.900000,4952ca,,,,,,,105.2,,A3
2025-07-19T08:00:00.900000,495214,TAP1310,32475,452.2,6.9,40.595535,-8.800659,0.1,4702,A3
2025-07-19T08:00:00.900000,4951cc,TAP34A,34000,437.5,7.2,40.918396,-8.755676,9.5,4750,A3
2025-07-19T08:00:00.900000,44a88c,TFL3HD,40975,473.3,193.1,39.064962,-7.431946,0.2,3721,A5
2025-07-19T08:00:00.900000,4b18b9,,,,,,,100.0,,A3
2025-07-19T08:00:00.900000,4cadf6,RYR545W,32225,405.9,185.5,38.668337,-7.542358,2.4,2257,A3
2025-07-19T08:00:00.900000,345249,VLG15SY,17850,348.2,239.8,38.705841,-8.342743,0.1,0421,A3
2025-07-19T08:00:00.900000,48683f,,,,,,,71.9,,A3
2025-07-19T08:00:00.900000,4cafc1,RYR132A,30400,400.2,340.0,40.352411,-8.178759,1.5,4610,A3
2025-07-19T08:00:00.900000,3c55c8,EWG3KB,30975,459.5,192.8,38.450054,-7.509827,0.1,1112,A3
2025-07-19T08:00:00.900000,440cc1,,,,,,,280.1,,A3
2025-07-19T08:00:00.900000,39ceab,,,,,,,91.0,,A3
2025-07-19T08:00:00.900000,405b64,,,,,,,235.2,,A3
2025-07-19T08:00:00.900000,440185,,36000,,,,,3.5,,A3
2025-07-19T08:00:00.900000,495145,TAP9RH,18875,362.7,215.6,39.413315,-8.715502,0.1,3701,A3
2025-07-19T08:00:00.900000,490036,,ground,0.0,,39.54911,-8.867952,0.4,,
2025-07-19T08:01:01.100000,4070e4,,37000,450.4,184.6,,,0.3,,
2025-07-19T08:01:01.100000,4d2124,,8125,301.6,84.1,41.345032,-8.504028,3.7,5441,
2025-07-19T08:01:01.100000,34640e,IBE0152,34000,537.5,92.3,40.653168,-8.692566,0.0,2320,A5
2025-07-19T08:01:01.100000,4d2115,HFM001,21425,419.9,63.9,39.138519,-8.299156,0.0,5440,A2
2025-07-19T08:01:01.100000,ab44af,,,,,,,115.6,,
2025-07-19T08:01:01.100000,484f6c,TRA26M,37000,435.8,221.2,40.715099,-8.545366,0.0,3745,A3
2025-07-19T08:01:01.100000,407bdc,,37025,,,,,63.4,,A3
2025-07-19T08:01:01.100000,4952cb,TAP557H,33000,430.4,232.8,40.244843,-7.886658,0.2,3734,A3
2025-07-19T08:01:01.100000,ab4732,,,,,,,181.8,,
2025-07-19T08:01:01.100000,4cadbd,RYR7YP,36975,466.1,196.5,40.042466,-7.892054,0.2,2253,A3
2025-07-19T08:01:01.100000,4d2314,MAC265,34000,463.4,15.3,39.035495,-7.28772,0.6,6441,A3
2025-07-19T08:01:01.100000,4951d9,TAP640,26825,459.6,45.0,39.717252,-7.934937,0.1,4705,A3
2025-07-19T08:01:01.100000,4d2247,RYR7243,36000,429.5,355.2,39.006492,-8.275879,0.0,4710,A3
2025-07-19T08:01:01.100000,48683e,TRA5951,30325,405.2,213.7,40.045585,-8.199733,0.3,3731,A3
2025-07-19T08:01:01.100000,495149,TAP535,25950,407.4,209.1,39.624939,-8.827694,0.1,1134,A3
2025-07-19T08:01:01.100000,4952ca,TAP752,33300,464.6,45.1,40.018112,-7.586792,0.0,5435,A3
2025-07-19T08:01:01.100000,495214,TAP1310,33000,453.3,7.0,40.719429,-8.78101,0.1,4702,A3
2025-07-19T08:01:01.100000,4951cc,TAP34A,34000,437.5,7.2,41.060394,-8.731995,2.1,4750,A3
2025-07-19T08:01:01.100000,44a88c,TFL3HD,40975,473.3,193.1,39.060679,-7.433167,47.7,3721,A5
2025-07-19T08:01:01.100000,4b18b9,,,,,,,160.2,,A3
2025-07-19T08:01:01.100000,4cadf6,RYR545W,30400,395.0,185.8,38.548605,-7.55719,0.2,2257,A3
2025-07-19T08:01:01.100000,345249,,,,,,,55.5,0421,A3
2025-07-19T08:01:01.100000,48683f,,,,,,,132.1,,A3
2025-07-19T08:01:01.100000,4cafc1,RYR132A,29325,394.5,339.7,40.463298,-8.232068,0.0,4610,A3
2025-07-19T08:01:01.100000,3c55c8,EWG3KB,29125,450.2,192.8,38.352585,-7.538024,9.3,1112,A3
2025-07-19T08:01:01.100000,39ceab,,,,,,,151.1,,A3
2025-07-19T08:01:01.100000,405b64,,,,,,,295.4,,A3
2025-07-19T08:01:01.100000,440185,EJU83AZ,36000,477.0,56.5,41.347321,-5.509277,2.1,4745,A3
2025-07-19T08:01:01.100000,495145,TAP9RH,17400,351.3,215.5,39.337944,-8.784973,2.1,3701,A3
2025-07-19T08:01:01.100000,490036,,ground,0.0,,39.549105,-8.867966,1.5,,
2025-07-19T08:02:01.200000,4cac53,RYR1768,13450,347.4,65.9,39.050537,-8.618476,0.2,3337,A3
2025-07-19T08:02:01.200000,4070ea,,39000,452.1,185.5,,,0.6,5201,
2025-07-19T08:02:01.200000,4d244c,RYR31AV,37000,443.5,214.2,,,0.7,,A3
2025-07-19T08:02:01.200000,4070e4,,37000,450.4,184.6,,,28.3,5401,
2025-07-19T08:02:01.200000,4d2124,HAT5060,9425,305.4,87.2,41.348373,-8.456848,38.8,5441,A3
2025-07-19T08:02:01.200000,34640e,IBE0152,34000,541.3,91.8,40.650159,-8.493555,0.2,2320,A5
2025-07-19T08:02:01.200000,4d2115,HFM001,22975,435.1,63.4,39.19075,-8.16314,0.1,5440,A2
2025-07-19T08:02:01.200000,ab44af,,,,,,,175.7,,
2025-07-19T08:02:01.200000,484f6c,TRA26M,37000,434.4,221.2,40.623298,-8.650984,0.1,3745,A3
2025-07-19T08:02:01.200000,407bdc,,,,,,,123.6,,A3
2025-07-19T08:02:01.200000,4952cb,TAP557H,32950,429.6,232.8,40.171323,-8.013153,0.2,3734,A3
2025-07-19T08:02:01.200000,ab4732,,,,,,,242.0,,
2025-07-19T08:02:01.200000,4cadbd,RYR7YP,37000,464.8,196.4,39.91951,-7.939055,0.1,2253,A3
2025-07-19T08:02:01.200000,4d2314,MAC265,34025,463.4,15.3,39.160999,-7.243896,0.4,6441,A3
2025-07-19T08:02:01.200000,4951d9,TAP640,26875,459.6,45.0,39.720231,-7.931152,40.1,4705,A3
2025-07-19T08:02:01.200000,4d2247,RYR7243,36000,428.6,355.0,39.125713,-8.288879,0.0,4710,A3
2025-07-19T08:02:01.200000,48683e,TRA5951,28600,415.2,213.8,39.950479,-8.282256,0.0,3731,A3
2025-07-19T08:02:01.200000,495149,TAP535,25300,401.9,208.9,39.528122,-8.897015,0.4,1134,A3
2025-07-19T08:02:01.200000,4952ca,TAP752,34000,461.0,45.2,40.10736,-7.470079,0.1,5435,A3
2025-07-19T08:02:01.200000,495214,TAP1310,33475,454.3,7.0,40.840325,-8.761659,3.1,4702,A3
2025-07-19T08:02:01.200000,4951cc,TAP34A,34000,,,41.060394,-8.731995,0.7,4750,A3
2025-07-19T08:02:01.200000,44a88c,,41000,478.1,192.9,,,1.1,3721,A5
2025-07-19T08:02:01.200000,4b18b9,,,,,,,220.3,,A3
2025-07-19T08:02:01.200000,4cadf6,,29675,391.0,185.7,38.502146,-7.56311,33.8,2257,A3
2025-07-19T08:02:01.200000,345249,,,,,,,115.7,,A3
2025-07-19T08:02:01.200000,48683f,,,,,,,192.3,,A3
2025-07-19T08:02:01.200000,4cafc1,,28400,386.0,339.7,40.516088,-8.257724,7.0,4610,A3
2025-07-19T08:02:01.200000,3c55c8,,,,,,,69.5,,A3
2025-07-19T08:02:01.200000,39ceab,,,,,,,211.3,,A3
2025-07-19T08:02:01.200000,440185,,36000,,,41.347321,-5.509277,58.9,,A3
2025-07-19T08:02:01.200000,495145,,15750,349.9,215.5,39.337944,-8.784973,0.8,1513,A3
2025-07-19T08:02:01.200000,490036,,ground,0.0,,39.54911,-8.867952,0.5,,
2025-07-19T08:03:01.400000,44015a,EJU51NK,34975,423.1,231.9,39.586813,-7.090027,1.5,2336,A3
2025-07-19T08:03:01.400000,4cac53,RYR1768,15575,368.0,65.9,39.091357,-8.501404,0.2,3337,A3
2025-07-19T08:03:01.400000,4070ea,EXS14J,39000,447.9,185.3,40.508128,-7.32863,0.1,5201,
2025-07-19T08:03:01.400000,4d244c,RYR31AV,37000,442.1,214.1,40.575394,-7.661621,0.3,1120,A3
2025-07-19T08:03:01.400000,4070e4,,37000,450.4,184.5,,,3.4,,
2025-07-19T08:03:01.400000,4d2124,,,,,,,99.0,,A3
2025-07-19T08:03:01.400000,34640e,IBE0152,34000,539.2,91.7,40.646155,-8.322705,0.6,2320,A5
2025-07-19T08:03:01.400000,4d2115,HFM001,24475,440.5,63.4,39.23795,-8.04187,2.9,5440,A2
2025-07-19T08:03:01.400000,ab44af,,,,,,,235.9,,
2025-07-19T08:03:01.400000,484f6c,TRA26M,37000,433.8,221.1,40.531264,-8.756228,0.5,3745,A3
2025-07-19T08:03:01.400000,407bdc,,,,,,,183.8,,A3
2025-07-19T08:03:01.400000,4952cb,TAP557H,31975,436.6,232.6,40.100144,-8.134564,0.1,3734,A3
2025-07-19T08:03:01.400000,4cadbd,RYR7YP,37000,467.0,196.4,39.793991,-7.98718,0.0,2253,A3
2025-07-19T08:03:01.400000,4d2314,MAC265,34050,471.0,27.4,39.281663,-7.182068,0.0,6441,A3
2025-07-19T08:03:01.400000,4951d9,,,,,,,100.3,,A3
2025-07-19T08:03:01.400000,4d2247,RYR7243,36000,425.5,355.1,39.244142,-8.301697,0.0,4710,A3
2025-07-19T08:03:01.400000,48683e,TRA5951,27225,408.8,213.7,39.855,-8.364929,0.0,3731,A3
2025-07-19T08:03:01.400000,495149,TAP535,23375,386.3,209.0,39.455658,-8.948603,0.5,1134,A3
2025-07-19T08:03:01.400000,4952ca,TAP752,34000,455.4,45.2,40.197693,-7.351501,0.0,5435,A3
2025-07-19T08:03:01.400000,495214,,34000,438.2,6.9,40.908663,-8.750735,22.7,4702,A3
2025-07-19T08:03:01.400000,4951cc,,34000,,,,,44.6,4750,A3
2025-07-19T08:03:01.400000,44a88c,TFL3HD,41000,478.4,193.0,38.678904,-7.546082,1.0,3721,A5
2025-07-19T08:03:01.400000,4b18b9,,,,,,,280.5,,A3
2025-07-19T08:03:01.400000,4cadf6,,28050,,,38.39827,-7.576125,21.4,2257,A3
2025-07-19T08:03:01.400000,345249,,,,,,,175.9,,A3
2025-07-19T08:03:01.400000,48683f,,,,,,,252.5,,A3
2025-07-19T08:03:01.400000,4cafc1,,27525,380.3,339.8,,,11.6,,A3
2025-07-19T08:03:01.400000,3c55c8,,,,,,,129.7,,A3
2025-07-19T08:03:01.400000,39ceab,,,,,,,271.5,,A3
2025-07-19T08:03:01.400000,440185,,,,,,,119.0,,A3
2025-07-19T08:03:01.400000,495145,,15750,349.9,215.5,,,61.0,,A3
2025-07-19T08:03:01.400000,490036,,ground,0.0,,39.549105,-8.867966,1.1,,
2025-07-19T08:04:00.600000,406ac3,,35000,452.5,196.4,,,6.9,5222,
2025-07-19T08:04:00.600000,440bc3,BCS5HM,3875,182.8,307.0,40.994293,-8.608093,0.2,2643,A4
2025-07-19T08:04:00.600000,407e60,EZY31DR,35000,461.2,185.6,40.167319,-7.357594,0.2,7506,
2025-07-19T08:04:00.600000,44015a,EJU51NK,35000,424.5,231.9,39.511459,-7.214316,0.1,2336,A3
2025-07-19T08:04:00.600000,4cac53,RYR1768,17500,384.1,66.0,39.133072,-8.381673,0.1,3337,A3
2025-07-19T08:04:00.600000,4070ea,EXS14J,39000,444.8,185.2,40.385323,-7.343299,0.1,5201,A3
2025-07-19T08:04:00.600000,4d244c,,37000,441.5,214.0,40.554886,-7.67981,0.7,1120,A3
2025-07-19T08:04:00.600000,4070e4,,37000,447.4,184.5,,,0.2,5401,
2025-07-19T08:04:00.600000,4d2124,,,,,,,158.1,,A3
2025-07-19T08:04:00.600000,34640e,IBE0152,34000,537.3,91.8,40.641678,-8.129456,3.7,2320,A5
2025-07-19T08:04:00.600000,4d2115,HFM001,26100,449.9,63.6,39.299725,-7.881958,0.2,5440,A2
2025-07-19T08:04:00.600000,ab44af,,,,,,,295.1,,
2025-07-19T08:04:00.600000,484f6c,TRA26M,37000,434.5,221.0,40.457479,-8.840249,0.3,3745,A3
2025-07-19T08:04:00.600000,407bdc,RUK655H,37000,454.8,191.9,39.54864,-7.222412,0.2,5202,A3
2025-07-19T08:04:00.600000,4952cb,TAP557H,30950,429.6,213.8,40.00164,-8.230757,0.3,3734,A3
2025-07-19T08:04:00.600000,4cadbd,RYR7YP,37000,468.0,196.4,39.671491,-8.034058,0.1,2253,A3
2025-07-19T08:04:00.600000,4d2314,MAC265,34025,467.4,27.1,39.382507,-7.11514,3.8,6441,A3
2025-07-19T08:04:00.600000,4951d9,TAP640,30600,483.7,45.2,39.983414,-7.584656,0.3,4705,A3
2025-07-19T08:04:00.600000,4d2247,RYR7243,36000,424.5,355.1,39.361593,-8.314636,0.0,4710,A3
2025-07-19T08:04:00.600000,48683e,TRA5951,25875,406.0,213.7,39.763138,-8.444128,0.1,3731,A3
2025-07-19T08:04:00.600000,495149,,23325,386.3,209.0,,,41.8,1134,A3
2025-07-19T08:04:00.600000,4952ca,TAP752,34000,458.2,45.4,40.286865,-7.23407,0.0,5435,A3
2025-07-19T08:04:00.600000,495214,,34000,,,,,0.5,,A3
2025-07-19T08:04:00.600000,4951cc,,,,,,,103.8,,A3
2025-07-19T08:04:00.600000,44a88c,,41000,476.2,193.0,38.550293,-7.583791,0.2,3721,A5
2025-07-19T08:04:00.600000,4cadf6,,,,,,,80.6,,A3
2025-07-19T08:04:00.600000,345249,,,,,,,235.0,,A3
2025-07-19T08:04:00.600000,4cafc1,,27150,,,,,27.9,,A3
2025-07-19T08:04:00.600000,3c55c8,,,,,,,188.8,,A3
2025-07-19T08:04:00.600000,440185,,,,,,,178.2,,A3
2025-07-19T08:04:00.600000,495145,,,,,,,120.1,,A3
2025-07-19T08:04:00.600000,490036,,ground,0.0,,39.54911,-8.867952,2.4,,
2025-07-19T08:05:00.800000,406ac3,,35000,451.5,196.5,40.53159,-7.716897,5.0,5222,
2025-07-19T08:05:00.800000,3991ea,AFR1896,33000,461.4,192.8,40.725357,-6.858154,0.6,7650,
2025-07-19T08:05:00.800000,440bc3,BCS5HM,3900,182.8,307.0,40.998138,-8.612671,53.5,2643,A4
2025-07-19T08:05:00.800000,3c6678,,14075,379.1,46.5,39.163001,-8.685791,0.8,,
2025-07-19T08:05:00.800000,44d1ba,,35000,443.5,214.2,,,0.0,7140,
2025-07-19T08:05:00.800000,407e60,EZY31DR,35000,461.2,185.6,40.096979,-7.366583,7.0,7506,A3
2025-07-19T08:05:00.800000,44015a,EJU51NK,35025,425.1,231.8,39.451206,-7.313171,2.6,2336,A3
2025-07-19T08:05:00.800000,4cac53,RYR1768,19500,395.3,66.0,39.1772,-8.254613,0.7,3337,A3
2025-07-19T08:05:00.800000,4070ea,EXS14J,39000,449.0,185.4,40.261448,-7.358405,0.0,5201,A3
2025-07-19T08:05:00.800000,4d244c,RYR31AV,37000,440.7,214.1,40.377502,-7.836731,0.1,1120,A3
2025-07-19T08:05:00.800000,4070e4,EXS95GL,37000,446.4,184.5,40.495186,-7.374573,0.1,5401,A3
2025-07-19T08:05:00.800000,4d2124,,,,,,,218.3,,A3
2025-07-19T08:05:00.800000,34640e,IBE0152,34000,537.3,92.0,40.641678,-8.129456,23.5,,A5
2025-07-19T08:05:00.800000,4d2115,HFM001,27425,455.3,63.7,39.35596,-7.735718,0.2,5440,A2
2025-07-19T08:05:00.800000,484f6c,,,,,,,49.1,,A3
2025-07-19T08:05:00.800000,407bdc,RUK655H,37000,452.9,192.0,39.497314,-7.236467,1.6,5202,A3
2025-07-19T08:05:00.800000,4952cb,TAP557H,29925,430.7,214.0,39.902481,-8.317964,0.1,3734,A3
2025-07-19T08:05:00.800000,4cadbd,RYR7YP,37000,469.9,196.3,39.545847,-8.081787,0.1,2253,A3
2025-07-19T08:05:00.800000,4d2314,MAC265,33950,464.7,27.3,39.511368,-7.029698,0.5,6441,A3
2025-07-19T08:05:00.800000,4951d9,TAP640,32050,480.2,43.9,40.086272,-7.455285,0.1,4705,A3
2025-07-19T08:05:00.800000,4d2247,RYR7243,36000,424.5,355.1,39.479137,-8.327576,0.2,4710,A3
2025-07-19T08:05:00.800000,48683e,TRA5951,24550,394.7,213.5,39.67012,-8.524256,0.1,3731,A3
2025-07-19T08:05:00.800000,495149,,20275,,,,,35.5,,A3
2025-07-19T08:05:00.800000,4952ca,TAP752,34025,460.3,45.4,40.367065,-7.127869,1.2,5435,A3
2025-07-19T08:05:00.800000,495214,,,,,,,60.7,,A3
2025-07-19T08:05:00.800000,4951cc,,,,,,,163.9,,A3
2025-07-19T08:05:00.800000,44a88c,,41000,475.0,192.9,38.503682,-7.597473,2.6,3721,A5
2025-07-19T08:05:00.800000,4cadf6,,,,,,,140.8,,A3
2025-07-19T08:05:00.800000,345249,,,,,,,295.2,,A3
2025-07-19T08:05:00.800000,4cafc1,,,,,,,88.1,,A3
2025-07-19T08:05:00.800000,3c55c8,,,,,,,249.0,,A3
2025-07-19T08:05:00.800000,440185,,,,,,,238.4,,A3
2025-07-19T08:05:00.800000,495145,,,,,,,180.3,,A3
2025-07-19T08:05:00.800000,490036,,ground,0.0,,39.54911,-8.867952,1.0,,
2025-07-19T08:06:00.900000,4076da,,37000,443.5,204.4,41.405469,-8.444526,1.0,,
2025-07-19T08:06:00.900000,503e6c,TRA21H,35000,,,40.583633,-7.713013,0.7,7117,A3
2025-07-19T08:06:00.900000,344487,,28000,,,,,43.3,,
2025-07-19T08:06:00.900000,406ac3,EXS613,35000,449.3,196.4,40.41251,-7.763027,0.5,5222,A3
2025-07-19T08:06:00.900000,3991ea,,33000,460.2,192.7,40.622786,-6.888677,4.2,7650,
2025-07-19T08:06:00.900000,440bc3,,,,,,,27.9,6613,A4
2025-07-19T08:06:00.900000,3c6678,DLH91J,16000,396.1,46.4,39.240836,-8.580872,0.2,4706,A3
2025-07-19T08:06:00.900000,44d1ba,JAF4DT,35000,444.6,213.9,40.292587,-7.911194,0.1,7140,A3
2025-07-19T08:06:00.900000,407e60,,35000,,,,,67.2,,A3
2025-07-19T08:06:00.900000,44015a,EJU51NK,35000,425.1,231.8,39.365891,-7.453029,0.1,2336,A3
2025-07-19T08:06:00.900000,4cac53,RYR1768,21475,407.0,66.1,39.223068,-8.121464,0.1,3337,A3
2025-07-19T08:06:00.900000,4070ea,EXS14J,39025,444.9,185.3,40.13974,-7.37323,0.0,5201,A3
2025-07-19T08:06:00.900000,4d244c,RYR31AV,37000,446.0,213.9,40.272446,-7.929321,0.1,1120,A3
2025-07-19T08:06:00.900000,4070e4,EXS95GL,37000,449.4,184.5,40.370407,-7.387329,0.2,5401,A3
2025-07-19T08:06:00.900000,4d2124,,,,,,,278.5,,A3
2025-07-19T08:06:00.900000,34640e,IBE0152,34000,538.3,106.2,,,0.2,2320,A5
2025-07-19T08:06:00.900000,4d2115,HFM001,28425,466.9,63.8,39.412381,-7.588196,0.1,5440,A2
2025-07-19T08:06:00.900000,484f6c,,,,,,,109.3,,A3
2025-07-19T08:06:00.900000,407bdc,RUK655H,37000,452.9,192.0,39.293335,-7.292056,0.1,5202,A3
2025-07-19T08:06:00.900000,4952cb,TAP557H,28950,421.6,213.9,39.803932,-8.403809,0.0,3734,A3
2025-07-19T08:06:00.900000,4cadbd,RYR7YP,37000,469.9,196.3,39.421087,-8.129089,0.4,2253,A3
2025-07-19T08:06:00.900000,4d2314,MAC265,33975,463.8,27.3,39.626862,-6.952614,0.2,6441,A3
2025-07-19T08:06:00.900000,4951d9,TAP640,33250,477.3,44.2,40.178421,-7.338928,0.1,4705,A3
2025-07-19T08:06:00.900000,4d2247,RYR7243,36000,426.5,355.2,39.596512,-8.340474,0.1,4710,A3
2025-07-19T08:06:00.900000,48683e,TRA5951,23200,386.9,213.4,39.57848,-8.602722,0.1,3731,A3
2025-07-19T08:06:00.900000,495149,,,,,,,95.6,,A3
2025-07-19T08:06:00.900000,4952ca,TAP752,34025,461.1,45.5,40.454178,-7.012146,5.5,5435,A3
2025-07-19T08:06:00.900000,495214,,,,,,,23.2,,A3
2025-07-19T08:06:00.900000,4951cc,,,,,,,224.1,,A3
2025-07-19T08:06:00.900000,44a88c,,41000,,,,,11.0,,A5
2025-07-19T08:06:00.900000,4cadf6,,,,,,,201.0,,A3
2025-07-19T08:06:00.900000,4cafc1,,,,,,,148.3,,A3
2025-07-19T08:06:00.900000,440185,,,,,,,298.6,,A3
2025-07-19T08:06:00.900000,495145,,,,,,,13.7,,A3
2025-07-19T08:06:00.900000,490036,,ground,0.0,,39.549105,-8.867966,1.0,,
2025-07-19T08:07:01.100000,ab4732,,36000,544.6,112.0,40.758682,-6.866577,3.9,3545,
2025-07-19T08:07:01.100000,4076da,EXS53CG,37000,442.2,204.3,41.330054,-8.489747,0.9,5247,A3
2025-07-19T08:07:01.100000,503e6c,TRA21H,35025,450.7,213.7,,,0.3,7117,A3
2025-07-19T08:07:01.100000,344487,,,,,,,103.5,,
2025-07-19T08:07:01.100000,406ac3,EXS613,35000,452.5,196.4,40.28215,-7.813293,0.1,5222,A3
2025-07-19T08:07:01.100000,3991ea,,33000,456.0,192.7,,,0.5,7650,
2025-07-19T08:07:01.100000,440bc3,,,,,,,88.1,,A4
2025-07-19T08:07:01.100000,3c6678,DLH91J,17650,413.1,46.4,39.318905,-8.475403,0.2,4706,A3
2025-07-19T08:07:01.100000,44d1ba,JAF4DT,35000,446.5,214.0,40.180206,-8.01001,0.5,7140,A3
2025-07-19T08:07:01.100000,407e60,,,,,,,127.3,,A3
2025-07-19T08:07:01.100000,44015a,EJU51NK,35000,425.0,231.6,39.29187,-7.573521,0.1,2336,A3
2025-07-19T08:07:01.100000,4cac53,RYR1768,23125,419.9,63.6,39.267883,-8.002808,0.3,3337,A3
2025-07-19T08:07:01.100000,4070ea,EXS14J,39000,446.9,185.3,40.014302,-7.389242,0.0,5201,A3
2025-07-19T08:07:01.100000,4d244c,RYR31AV,37000,446.0,213.9,40.169174,-8.019897,0.1,1120,A3
2025-07-19T08:07:01.100000,4070e4,EXS95GL,37000,450.4,184.5,40.251439,-7.399729,0.8,5401,A3
2025-07-19T08:07:01.100000,34640e,IBE0152,33525,537.2,88.3,40.569534,-7.633362,30.4,2320,A5
2025-07-19T08:07:01.100000,4d2115,HFM001,29175,473.6,63.8,39.456466,-7.472534,14.7,5440,A2
2025-07-19T08:07:01.100000,484f6c,,,,,,,169.5,,A3
2025-07-19T08:07:01.100000,407bdc,RUK655H,37000,454.8,191.9,39.169235,-7.325851,0.4,5202,A3
2025-07-19T08:07:01.100000,4952cb,TAP557H,28000,411.3,214.0,39.708128,-8.487122,0.1,3734,A3
2025-07-19T08:07:01.100000,4cadbd,RYR7YP,37000,469.0,196.3,39.295396,-8.176636,0.0,2253,A3
2025-07-19T08:07:01.100000,4d2314,MAC265,34000,463.8,27.3,39.626862,-6.952614,41.1,6441,A3
2025-07-19T08:07:01.100000,4951d9,TAP640,34000,472.4,44.3,40.2756,-7.215209,0.0,4705,A3
2025-07-19T08:07:01.100000,4d2247,RYR7243,36000,426.6,355.0,39.714273,-8.353516,0.0,4710,A3
2025-07-19T08:07:01.100000,48683e,TRA5951,21950,381.1,213.4,39.489944,-8.678542,0.1,3731,A3
2025-07-19T08:07:01.100000,495149,,,,,,,155.8,,A3
2025-07-19T08:07:01.100000,4952ca,TAP752,28000,458.9,45.6,40.514969,-6.931091,2.0,5435,A3
2025-07-19T08:07:01.100000,495214,,,,,,,83.4,,A3
2025-07-19T08:07:01.100000,4951cc,,,,,,,284.3,,A3
2025-07-19T08:07:01.100000,44a88c,,,,,,,71.2,,A5
2025-07-19T08:07:01.100000,4cadf6,,,,,,,261.1,,A3
2025-07-19T08:07:01.100000,4cafc1,,,,,,,208.5,,A3
2025-07-19T08:07:01.100000,495145,,9725,,,38.887412,-9.153931,17.2,,A3
2025-07-19T08:07:01.100000,490036,,ground,0.0,,39.549105,-8.867966,1.2,,
2025-07-19T08:08:01.300000,4b194d,SWR5WB,4975,227.3,258.8,40.991638,-8.561401,2.0,,A3
2025-07-19T08:08:01.300000,485061,,37000,457.6,201.4,,,0.3,3726,
2025-07-19T08:08:01.300000,ab4732,,35975,,,40.739167,-6.803096,52.3,,
2025-07-19T08:08:01.300000,4076da,,37000,440.9,204.2,41.273071,-8.523865,0.2,,A3
2025-07-19T08:08:01.300000,503e6c,,34975,451.5,213.6,40.33548,-7.928955,0.1,7117,A3
2025-07-19T08:08:01.300000,344487,,,,,,,163.7,,
2025-07-19T08:08:01.300000,406ac3,EXS613,35000,453.4,196.4,40.169647,-7.856473,0.1,5222,A3
2025-07-19T08:08:01.300000,3991ea,AFR1896,33000,458.0,192.7,,,2.3,7650,A3
2025-07-19T08:08:01.300000,440bc3,,,,,,,148.3,,A4
2025-07-19T08:08:01.300000,3c6678,DLH91J,19525,418.6,45.8,39.399254,-8.366516,0.1,4706,A3
2025-07-19T08:08:01.300000,44d1ba,JAF4DT,35000,447.6,213.8,40.088608,-8.09021,0.3,7140,A3
2025-07-19T08:08:01.300000,407e60,,34975,461.2,185.6,,,0.7,,A3
2025-07-19T08:08:01.300000,44015a,EJU51NK,35000,425.0,231.6,39.21905,-7.691956,0.0,2336,A3
2025-07-19T08:08:01.300000,4cac53,RYR1768,25250,428.5,64.3,39.324258,-7.854309,0.1,3337,A3
2025-07-19T08:08:01.300000,4070ea,EXS14J,38975,446.9,185.3,39.993959,-7.391676,47.2,5201,A3
2025-07-19T08:08:01.300000,4d244c,RYR31AV,37000,445.4,213.8,40.069373,-8.107099,0.1,1120,A3
2025-07-19T08:08:01.300000,4070e4,EXS95GL,37025,446.4,184.5,40.120972,-7.413025,0.0,5401,A3
2025-07-19T08:08:01.300000,34640e,,,,,,,90.6,,A5
2025-07-19T08:08:01.300000,4d2115,HFM001,30275,483.9,64.0,39.528762,-7.282104,0.2,5440,A2
2025-07-19T08:08:01.300000,484f6c,,,,,,,229.7,,A3
2025-07-19T08:08:01.300000,407bdc,RUK655H,37000,456.8,191.9,39.089767,-7.347525,2.3,5202,A3
2025-07-19T08:08:01.300000,4952cb,TAP557H,26975,408.0,213.8,39.612137,-8.570435,0.0,3734,A3
2025-07-19T08:08:01.300000,4cadbd,RYR7YP,37000,468.4,196.1,39.171008,-8.223206,0.1,2253,A3
2025-07-19T08:08:01.300000,4d2314,,,,,,,101.3,,A3
2025-07-19T08:08:01.300000,4951d9,TAP640,34025,468.8,44.4,40.341476,-7.130981,2.8,4705,A3
2025-07-19T08:08:01.300000,4d2247,RYR7243,36000,426.5,355.2,39.833493,-8.366699,0.0,4710,A3
2025-07-19T08:08:01.300000,48683e,TRA5951,20675,373.6,213.6,39.40228,-8.753296,0.2,3731,A3
2025-07-19T08:08:01.300000,495149,,,,,,,216.0,,A3
2025-07-19T08:08:01.300000,4952ca,,27200,457.5,45.6,40.587021,-6.834778,12.2,5435,A3
2025-07-19T08:08:01.300000,495214,,,,,,,143.5,,A3
2025-07-19T08:08:01.300000,44a88c,,,,,,,131.3,,A5
2025-07-19T08:08:01.300000,4cafc1,,,,,,,268.7,,A3
2025-07-19T08:08:01.300000,495145,,,,,,,77.4,,A3
2025-07-19T08:08:01.300000,490036,,ground,0.0,,39.54911,-8.867952,6.4,,
2025-07-19T08:09:01.500000,4b194d,SWR5WB,4075,207.5,329.6,41.007587,-8.615029,10.1,3744,A3
2025-07-19T08:09:01.500000,495210,,35000,,,,,2.2,1135,
2025-07-19T08:09:01.500000,485061,TRA31M,37000,459.4,201.3,40.624786,-7.146301,7.7,3726,
2025-07-19T08:09:01.500000,ab4732,,,,,,,0.7,,
2025-07-19T08:09:01.500000,4076da,EXS53CG,37000,438.6,204.2,41.06424,-8.648499,0.3,5247,A3
2025-07-19T08:09:01.500000,503e6c,TRA21H,35000,452.4,213.5,40.23317,-8.017578,0.1,7117,A3
2025-07-19T08:09:01.500000,344487,,,,,,,223.9,,
2025-07-19T08:09:01.500000,406ac3,EXS613,35000,453.4,196.4,40.039533,-7.906161,0.1,5222,A3
2025-07-19T08:09:01.500000,3991ea,AFR1896,33000,458.0,192.6,40.168213,-7.022888,0.8,7650,A3
2025-07-19T08:09:01.500000,440bc3,,,,,,,208.5,,A4
2025-07-19T08:09:01.500000,3c6678,DLH91J,21100,429.9,44.4,39.483215,-8.260286,0.3,4706,A3
2025-07-19T08:09:01.500000,44d1ba,JAF4DT,35000,451.2,213.8,39.971649,-8.192078,0.0,7140,A3
2025-07-19T08:09:01.500000,407e60,EZY31DR,35050,459.1,185.5,39.5323,-7.437683,0.1,7506,A3
2025-07-19T08:09:01.500000,44015a,EJU51NK,35000,426.4,231.6,39.156298,-7.793518,3.1,2336,A3
2025-07-19T08:09:01.500000,4cac53,RYR1768,26850,440.6,64.3,39.377653,-7.711426,0.0,3337,A3
2025-07-19T08:09:01.500000,4070ea,,,,,,,107.3,,A3
2025-07-19T08:09:01.500000,4d244c,RYR31AV,37000,448.5,213.7,39.961977,-8.20067,0.0,1120,A3
2025-07-19T08:09:01.500000,4070e4,EXS95GL,37000,447.4,184.5,40.000076,-7.425354,0.0,5401,A3
2025-07-19T08:09:01.500000,34640e,,,,,,,150.8,,A5
2025-07-19T08:09:01.500000,4d2115,HFM001,31375,482.6,64.1,39.586807,-7.128037,1.5,5440,A2
2025-07-19T08:09:01.500000,484f6c,,,,,,,289.9,,A3
2025-07-19T08:09:01.500000,407bdc,,37000,457.8,191.8,39.024834,-7.365051,37.7,5202,A3
2025-07-19T08:09:01.500000,4952cb,TAP557H,25975,406.0,213.7,39.517868,-8.651733,0.1,3734,A3
2025-07-19T08:09:01.500000,4cadbd,RYR7YP,37000,469.9,196.3,39.072784,-8.260047,0.4,2253,A3
2025-07-19T08:09:01.500000,4d2314,,,,,,,161.5,,A3
2025-07-19T08:09:01.500000,4951d9,TAP640,34900,462.5,44.5,40.464203,-6.973816,0.1,4705,A3
2025-07-19T08:09:01.500000,4d2247,RYR7243,36000,421.5,355.1,39.951363,-8.37951,0.2,4710,A3
2025-07-19T08:09:01.500000,48683e,TRA5951,20025,367.5,213.3,39.357031,-8.79187,20.3,3731,A3
2025-07-19T08:09:01.500000,495149,,,,,,,276.2,,A3
2025-07-19T08:09:01.500000,4952ca,,33975,,,,,5.1,,A3
2025-07-19T08:09:01.500000,495214,,,,,,,203.7,,A3
2025-07-19T08:09:01.500000,44a88c,,,,,,,191.5,,A5
2025-07-19T08:09:01.500000,495145,,,,,,,137.6,,A3
2025-07-19T08:09:01.500000,490036,,ground,0.0,,39.54911,-8.867952,1.4,,
2025-07-19T08:10:01.700000,39de4f,TVF74FN,36975,441.1,210.5,40.536246,-8.166587,2.4,7663,A3
2025-07-19T08:10:01.700000,39e692,,33000,,,,,31.0,7651,
2025-07-19T08:10:01.700000,4b194d,,,,,,,70.2,,A3
2025-07-19T08:10:01.700000,495210,,35000,440.4,216.5,,,27.5,1135,
2025-07-19T08:10:01.700000,485061,,37000,460.7,201.4,40.490982,-7.214722,0.4,3726,
2025-07-19T08:10:01.700000,ab4732,,36000,541.6,104.2,40.587825,-6.300597,0.1,3545,
2025-07-19T08:10:01.700000,4076da,,37000,439.5,204.2,40.962021,-8.709106,0.1,5247,A3
2025-07-19T08:10:01.700000,503e6c,TRA21H,35025,454.0,213.4,40.125504,-8.110352,0.0,7117,A3
2025-07-19T08:10:01.700000,344487,,,,,,,284.1,,
2025-07-19T08:10:01.700000,406ac3,EXS613,35000,452.2,196.3,39.918961,-7.952071,0.1,5222,A3
2025-07-19T08:10:01.700000,3991ea,,33000,461.2,192.7,40.052614,-7.056718,7.1,7650,A3
2025-07-19T08:10:01.700000,440bc3,,,,,,,268.7,,A4
2025-07-19T08:10:01.700000,3c6678,DLH91J,22500,440.5,44.5,39.569356,-8.151001,0.2,4706,A3
2025-07-19T08:10:01.700000,44d1ba,JAF4DT,35000,453.5,213.8,39.867508,-8.282378,0.0,7140,A3
2025-07-19T08:10:01.700000,407e60,EZY31DR,35000,456.1,185.5,39.401733,-7.453925,0.4,7506,A3
2025-07-19T08:10:01.700000,44015a,EJU51NK,35000,428.4,231.4,39.073288,-7.927352,1.0,2336,A3
2025-07-19T08:10:01.700000,4cac53,RYR1768,27875,450.0,64.5,39.430537,-7.56958,0.1,3337,A3
2025-07-19T08:10:01.700000,4070ea,EXS14J,39000,445.9,185.3,39.644677,-7.4328,0.1,5201,A3
2025-07-19T08:10:01.700000,4d244c,RYR31AV,37000,452.1,213.7,39.857574,-8.291274,0.0,1120,A3
2025-07-19T08:10:01.700000,4070e4,EXS95GL,37000,446.4,184.5,39.987115,-7.426633,33.8,5401,A3
2025-07-19T08:10:01.700000,34640e,,32000,,,,,32.8,,A5
2025-07-19T08:10:01.700000,4d2115,HFM001,31675,485.7,64.1,39.616327,-7.049438,24.2,5440,A2
2025-07-19T08:10:01.700000,407bdc,,,,,,,97.8,,A3
2025-07-19T08:10:01.700000,4952cb,TAP557H,25000,397.4,213.6,39.425537,-8.731265,0.1,3734,A3
2025-07-19T08:10:01.700000,4cadbd,RYR7YP,37000,470.6,196.2,38.920929,-8.316833,1.2,2253,A3
2025-07-19T08:10:01.700000,4d2314,,,,,,,221.7,,A3
2025-07-19T08:10:01.700000,4951d9,TAP640,35900,458.9,44.6,40.555751,-6.856031,0.1,4705,A3
2025-07-19T08:10:01.700000,4d2247,RYR7243,36000,420.6,355.0,40.066818,-8.392517,0.0,4710,A3
2025-07-19T08:10:01.700000,48683e,,,,,,,80.4,,A3
2025-07-19T08:10:01.700000,4952ca,,33975,452.6,45.7,40.796007,-6.553594,17.4,5435,A3
2025-07-19T08:10:01.700000,495214,,,,,,,263.9,,A3
2025-07-19T08:10:01.700000,44a88c,,,,,,,251.7,,A5
2025-07-19T08:10:01.700000,495145,,,,,,,197.8,,A3
2025-07-19T08:10:01.700000,490036,,ground,0.0,,39.549105,-8.867966,1.7,,
2025-07-19T08:11:00.800000,495211,,20775,348.9,5.9,39.485934,-8.927795,5.3,,
2025-07-19T08:11:00.800000,49514c,,,,,,,0.1,,
2025-07-19T08:11:00.800000,495151,TAP822W,18725,386.9,46.2,39.198395,-8.635254,0.5,0526,A3
2025-07-19T08:11:00.800000,39de4f,TVF74FN,36975,442.5,210.6,40.428268,-8.249939,0.0,7663,A3
2025-07-19T08:11:00.800000,39e692,,33000,448.0,216.4,,,7.7,7651,
2025-07-19T08:11:00.800000,4b194d,,,,,,,129.4,,A3
2025-07-19T08:11:00.800000,495210,,35000,,,,,15.3,1135,
2025-07-19T08:11:00.800000,485061,TRA31M,37000,463.9,201.4,40.394302,-7.26416,4.7,3726,A3
2025-07-19T08:11:00.800000,ab4732,,35975,539.3,97.2,40.568413,-6.145477,13.8,3545,
2025-07-19T08:11:00.800000,4076da,EXS53CG,37000,441.8,204.2,40.890198,-8.751709,5.7,5247,A3
2025-07-19T08:11:00.800000,503e6c,TRA21H,35025,452.6,213.4,40.029556,-8.192627,0.8,7117,A3
2025-07-19T08:11:00.800000,406ac3,EXS613,35000,453.4,196.4,39.800813,-7.997131,0.5,5222,A3
2025-07-19T08:11:00.800000,3991ea,,,,,,,66.3,,A3
2025-07-19T08:11:00.800000,3c6678,DLH91J,23825,448.3,44.6,39.656548,-8.040039,0.3,4706,A3
2025-07-19T08:11:00.800000,44d1ba,JAF4DT,35000,452.9,213.7,39.764465,-8.371642,0.2,7140,A3
2025-07-19T08:11:00.800000,407e60,EZY31DR,34975,457.1,185.5,39.295023,-7.467285,0.8,7506,A3
2025-07-19T08:11:00.800000,44015a,EJU51NK,35025,429.0,231.3,38.99794,-8.048262,0.3,2336,A3
2025-07-19T08:11:00.800000,4cac53,RYR1768,28300,453.5,64.4,39.454926,-7.503782,27.1,3337,A3
2025-07-19T08:11:00.800000,4070ea,EXS14J,39000,448.9,185.2,39.541168,-7.445088,0.6,5201,A3
2025-07-19T08:11:00.800000,4d244c,RYR31AV,37000,455.1,213.6,39.754354,-8.380493,0.2,1120,A3
2025-07-19T08:11:00.800000,4070e4,,,,,,,93.0,,A3
2025-07-19T08:11:00.800000,34640e,,,,,,,91.9,,A5
2025-07-19T08:11:00.800000,4d2115,,,,,,,83.4,,A2
2025-07-19T08:11:00.800000,407bdc,RUK655H,37000,460.7,187.2,38.672666,-7.455078,0.2,5202,A3
2025-07-19T08:11:00.800000,4952cb,TAP557H,24425,391.6,213.6,39.372482,-8.776703,23.3,3734,A3
2025-07-19T08:11:00.800000,4cadbd,RYR7YP,37000,469.4,196.1,38.818515,-8.354675,3.2,2253,A3
2025-07-19T08:11:00.800000,4d2314,MAC265,34000,463.8,27.6,,,0.9,6441,A3
2025-07-19T08:11:00.800000,4951d9,,36025,460.3,44.6,40.622955,-6.769165,6.3,4705,A3
2025-07-19T08:11:00.800000,4d2247,RYR7243,36000,421.5,355.1,40.170392,-8.404229,5.4,4710,A3
2025-07-19T08:11:00.800000,48683e,,,,,,,139.6,,A3
2025-07-19T08:11:00.800000,4952ca,,33975,449.6,42.0,40.885806,-6.433556,14.9,5435,A3
2025-07-19T08:11:00.800000,495145,,,,,,,256.9,,A3
2025-07-19T08:11:00.800000,490036,,ground,0.0,,39.549105,-8.867966,1.6,,
2025-07-19T08:12:01,40768c,,35000,461.3,196.6,,,0.2,5403,
2025-07-19T08:12:01,39e694,AFR97SB,3875,221.4,325.3,41.004934,-8.611908,25.7,7655,A3
2025-07-19T08:12:01,495211,TAP13J,22125,387.1,5.9,39.60818,-8.911316,1.8,2001,A3
2025-07-19T08:12:01,49514c,TAP63V,34700,440.6,209.4,40.446808,-8.23584,0.0,2271,A3
2025-07-19T08:12:01,495151,TAP822W,20975,398.2,46.3,39.268478,-8.540974,0.2,0526,A3
2025-07-19T08:12:01,39de4f,TVF74FN,37000,442.0,210.5,40.321289,-8.332153,0.4,7663,A3
2025-07-19T08:12:01,39e692,AFR39YM,33000,454.2,216.3,40.596771,-7.735046,0.9,7651,A3
2025-07-19T08:12:01,4b194d,,,,,,,189.6,,A3
2025-07-19T08:12:01,495210,TAP5HA,34825,429.8,216.4,40.469955,-7.854288,4.5,1135,A3
2025-07-19T08:12:01,485061,TRA31M,37000,459.1,201.2,40.256012,-7.33429,0.2,3726,A3
2025-07-19T08:12:01,ab4732,,36000,539.6,97.5,40.546783,-5.923218,0.4,3545,
2025-07-19T08:12:01,4076da,,37000,442.7,204.1,,,3.1,5247,A3
2025-07-19T08:12:01,503e6c,TRA21H,35000,452.6,213.4,39.916868,-8.289185,0.0,7117,A3
2025-07-19T08:12:01,406ac3,EXS613,35000,451.9,196.2,39.680615,-8.042542,0.0,5222,A3
2025-07-19T08:12:01,3991ea,,,,,,,126.5,,A3
2025-07-19T08:12:01,3c6678,DLH91J,24925,454.7,44.6,39.732661,-7.942871,0.4,4706,A3
2025-07-19T08:12:01,44d1ba,JAF4DT,35000,446.8,213.4,39.660278,-8.461144,0.2,7140,A3
2025-07-19T08:12:01,407e60,EZY31DR,35000,458.1,185.5,39.150467,-7.485153,0.3,7506,A3
2025-07-19T08:12:01,44015a,EJU51NK,35025,426.0,231.2,38.924095,-8.166321,0.1,2336,A3
2025-07-19T08:12:01,4cac53,,29500,465.2,64.5,39.522491,-7.321432,0.9,3337,A3
2025-07-19T08:12:01,4070ea,EXS14J,39000,450.0,185.4,39.399905,-7.461914,0.0,5201,A3
2025-07-19T08:12:01,4d244c,RYR31AV,37000,451.0,213.5,39.649429,-8.470638,0.1,1120,A3
2025-07-19T08:12:01,4070e4,EXS95GL,37000,444.4,184.5,39.629082,-7.46283,0.0,5401,A3
2025-07-19T08:12:01,34640e,,,,,,,152.1,,A5
2025-07-19T08:12:01,4d2115,,,,,,,143.6,,A2
2025-07-19T08:12:01,407bdc,RUK655H,37000,459.7,187.2,38.56279,-7.472673,2.9,5202,A3
2025-07-19T08:12:01,4952cb,,23800,,,,,19.9,,A3
2025-07-19T08:12:01,4cadbd,,37000,,,38.750153,-8.379881,31.4,2253,A3
2025-07-19T08:12:01,4d2314,MAC265,34000,464.7,27.6,40.202408,-6.563965,49.7,6441,A3
2025-07-19T08:12:01,4951d9,,36000,,,,,4.7,,A3
2025-07-19T08:12:01,4d2247,RYR7243,36000,421.5,355.1,40.300415,-8.418945,0.0,4710,A3
2025-07-19T08:12:01,48683e,,,,,,,199.8,,A3
2025-07-19T08:12:01,4952ca,TAP752,34025,442.0,30.5,40.981844,-6.355528,12.8,5435,A3
2025-07-19T08:12:01,490036,,ground,0.0,,39.54911,-8.867952,1.1,,
2025-07-19T08:13:01.200000,4b1a2e,,5100,222.0,259.1,40.994087,-8.542245,11.1,,
2025-07-19T08:13:01.200000,4d224c,,37000,436.0,209.1,,,0.9,,
2025-07-19T08:13:01.200000,40768c,EZY59NZ,35000,460.6,196.8,40.599518,-7.661682,5.0,5403,A3
2025-07-19T08:13:01.200000,39e694,,,,,,,85.8,,A3
2025-07-19T08:13:01.200000,495211,TAP13J,23775,399.1,5.9,39.718276,-8.896362,0.1,2001,A3
2025-07-19T08:13:01.200000,49514c,TAP63V,33725,442.3,209.2,40.337357,-8.31604,0.2,2271,A3
2025-07-19T08:13:01.200000,495151,TAP822W,23025,416.5,44.3,39.354238,-8.433167,0.2,0526,A3
2025-07-19T08:13:01.200000,39de4f,TVF74FN,37000,442.8,210.4,40.215547,-8.41328,0.3,7663,A3
2025-07-19T08:13:01.200000,39e692,AFR39YM,33000,449.2,216.3,40.481035,-7.846236,0.5,7651,A3
2025-07-19T08:13:01.200000,4b194d,,,,,,,249.8,,A3
2025-07-19T08:13:01.200000,495210,,33500,409.4,213.3,40.344406,-7.963135,4.5,1135,A3
2025-07-19T08:13:01.200000,485061,TRA31M,37025,456.8,201.2,40.139465,-7.393127,0.1,3726,A3
2025-07-19T08:13:01.200000,ab4732,AAL120,36000,539.6,97.5,40.541971,-5.874939,0.4,3545,A5
2025-07-19T08:13:01.200000,4076da,,35050,,,,,30.8,,A3
2025-07-19T08:13:01.200000,503e6c,TRA21H,35000,454.3,213.2,39.811478,-8.379046,0.3,7117,A3
2025-07-19T08:13:01.200000,406ac3,EXS613,35000,451.9,196.2,39.559479,-8.088087,0.1,5222,A3
2025-07-19T08:13:01.200000,3991ea,AFR1896,33000,458.0,192.6,39.655289,-7.172162,0.0,7650,A3
2025-07-19T08:13:01.200000,3c6678,,25400,454.7,44.6,39.777351,-7.885742,36.1,,A3
2025-07-19T08:13:01.200000,44d1ba,JAF4DT,35000,446.5,213.6,39.556042,-8.550415,0.0,7140,A3
2025-07-19T08:13:01.200000,407e60,EZY31DR,35000,459.1,185.5,39.092381,-7.492249,25.2,7506,A3
2025-07-19T08:13:01.200000,44015a,EJU51NK,34975,426.0,231.2,38.859667,-8.268921,5.5,2336,A3
2025-07-19T08:13:01.200000,4cac53,,30325,466.1,64.6,39.568588,-7.196224,24.2,3337,A3
2025-07-19T08:13:01.200000,4070ea,EXS14J,39000,447.9,185.3,39.272232,-7.477092,0.1,5201,A3
2025-07-19T08:13:01.200000,4d244c,RYR31AV,37000,447.4,213.5,39.545335,-8.560181,0.2,1120,A3
2025-07-19T08:13:01.200000,4070e4,EXS95GL,37000,446.4,184.5,39.508118,-7.475181,0.0,5401,A3
2025-07-19T08:13:01.200000,34640e,,,,,,,40.6,,A5
2025-07-19T08:13:01.200000,4d2115,,,,,,,203.8,,A2
2025-07-19T08:13:01.200000,407bdc,RUK655H,37000,460.8,187.4,38.457362,-7.489868,7.9,5202,A3
2025-07-19T08:13:01.200000,4952cb,,,,,,,80.1,,A3
2025-07-19T08:13:01.200000,4cadbd,,,,,,,91.6,,A3
2025-07-19T08:13:01.200000,4d2314,,,,,,,19.7,,A3
2025-07-19T08:13:01.200000,4951d9,,36000,,,,,21.9,4705,A3
2025-07-19T08:13:01.200000,4d2247,RYR7243,36000,422.6,355.0,40.415955,-8.432007,0.1,4710,A3
2025-07-19T08:13:01.200000,48683e,,,,,,,260.0,,A3
2025-07-19T08:13:01.200000,4952ca,TAP752,33975,441.8,30.9,41.117869,-6.247975,0.6,5435,A3
2025-07-19T08:13:01.200000,490036,,ground,0.0,,39.54911,-8.867952,0.0,,
2025-07-19T08:14:01.400000,4b1a2e,,4150,183.4,332.7,40.995483,-8.613094,7.0,5713,
2025-07-19T08:14:01.400000,4d224c,RYR62EA,36975,434.2,208.9,40.477823,-8.21484,0.1,5402,A3
2025-07-19T08:14:01.400000,40768c,EZY59NZ,34975,461.6,196.7,40.417863,-7.733439,0.1,5403,A3
2025-07-19T08:14:01.400000,39e694,,,,,,,146.0,,A3
2025-07-19T08:14:01.400000,495211,TAP13J,25425,406.2,5.9,39.831864,-8.88092,0.0,2001,A3
2025-07-19T08:14:01.400000,49514c,TAP63V,32775,441.0,209.2,40.231476,-8.393311,0.9,2271,A3
2025-07-19T08:14:01.400000,495151,TAP822W,25150,423.6,44.5,39.439102,-8.325745,0.0,0526,A3
2025-07-19T08:14:01.400000,39de4f,TVF74FN,37025,441.5,210.3,40.108612,-8.494934,0.1,7663,A3
2025-07-19T08:14:01.400000,39e692,AFR39YM,33000,447.2,216.2,40.391841,-7.931692,0.4,7651,A3
2025-07-19T08:14:01.400000,495210,TAP5HA,32375,448.5,213.3,40.227837,-8.063341,1.4,1135,A3
2025-07-19T08:14:01.400000,485061,TRA31M,37000,460.9,201.1,40.023612,-7.451602,0.1,3726,A3
2025-07-19T08:14:01.400000,ab4732,,36000,,,,,56.2,,A5
2025-07-19T08:14:01.400000,4076da,,,,,,,91.0,,A3
2025-07-19T08:14:01.400000,503e6c,TRA21H,35050,454.3,213.2,39.705474,-8.468994,0.0,7117,A3
2025-07-19T08:14:01.400000,406ac3,EXS613,35000,451.0,196.2,39.438078,-8.133606,0.1,5222,A3
2025-07-19T08:14:01.400000,3991ea,AFR1896,33000,451.8,192.5,39.533557,-7.207214,0.2,7650,A3
2025-07-19T08:14:01.400000,3c6678,DLH91J,26875,473.8,44.8,39.899185,-7.72924,6.6,4706,A3
2025-07-19T08:14:01.400000,44d1ba,JAF4DT,35000,447.4,213.5,39.452603,-8.639099,0.0,7140,A3
2025-07-19T08:14:01.400000,407e60,,,,,,,85.4,,A3
2025-07-19T08:14:01.400000,44015a,EJU51NK,34975,426.0,231.2,38.775146,-8.403466,0.6,2336,A3
2025-07-19T08:14:01.400000,4cac53,,31375,467.0,64.6,39.626475,-7.038513,15.0,3337,A3
2025-07-19T08:14:01.400000,4070ea,EXS14J,39000,441.9,185.3,39.149277,-7.491541,0.1,5201,A3
2025-07-19T08:14:01.400000,4d244c,RYR31AV,37000,447.4,213.5,39.441467,-8.648927,0.1,1120,A3
2025-07-19T08:14:01.400000,4070e4,EXS95GL,37000,445.3,184.4,39.385071,-7.487362,0.1,5401,A3
2025-07-19T08:14:01.400000,34640e,,32000,540.4,98.1,40.574753,-6.211182,16.8,2320,A5
2025-07-19T08:14:01.400000,4d2115,,,,,,,263.9,,A2
2025-07-19T08:14:01.400000,407bdc,,37000,,,,,21.4,,A3
2025-07-19T08:14:01.400000,4952cb,,,,,,,140.3,,A3
2025-07-19T08:14:01.400000,4cadbd,,,,,,,151.7,,A3
2025-07-19T08:14:01.400000,4d2314,,,,,,,79.9,,A3
2025-07-19T08:14:01.400000,4951d9,,36025,,,,,19.9,,A3
2025-07-19T08:14:01.400000,4d2247,RYR7243,36000,421.5,355.1,40.533234,-8.445251,0.1,4710,A3
2025-07-19T08:14:01.400000,48683e,TRA5951,12975,339.9,207.7,38.915268,-9.14361,9.0,3731,A3
2025-07-19T08:14:01.400000,4952ca,TAP752,33975,442.6,30.9,41.2221,-6.165515,0.1,5435,A3
2025-07-19T08:14:01.400000,490036,,ground,0.0,,39.54911,-8.867952,0.5,,
2025-07-19T08:15:01.600000,4b1a2e,,,183.4,332.7,,,29.8,,
2025-07-19T08:15:01.600000,4d224c,RYR62EA,35350,417.6,208.8,40.372742,-8.29071,0.1,5402,A3
2025-07-19T08:15:01.600000,40768c,EZY59NZ,34975,463.5,196.7,40.295617,-7.781504,0.4,5403,A3
2025-07-19T08:15:01.600000,39e694,,,,,,,206.2,,A3
2025-07-19T08:15:01.600000,495211,TAP13J,26850,412.2,6.0,39.944092,-8.865662,0.2,2001,A3
2025-07-19T08:15:01.600000,49514c,TAP63V,31850,436.0,209.1,40.123901,-8.471436,0.1,2271,A3
2025-07-19T08:15:01.600000,495151,TAP822W,26825,437.0,44.6,39.524689,-8.216938,0.0,0526,A3
2025-07-19T08:15:01.600000,39de4f,TVF74FN,37000,441.0,210.2,40.004433,-8.57408,0.0,7663,A3
2025-07-19T08:15:01.600000,39e692,AFR39YM,33000,445.8,216.2,40.279678,-8.038635,0.0,7651,A3
2025-07-19T08:15:01.600000,495210,TAP5HA,31325,434.9,213.2,40.121512,-8.15429,0.0,1135,A3
2025-07-19T08:15:01.600000,485061,,37000,460.9,201.1,39.983368,-7.471802,24.5,3726,A3
2025-07-19T08:15:01.600000,ab4732,,,,,,,116.4,,A5
2025-07-19T08:15:01.600000,4076da,,,,,,,151.1,,A3
2025-07-19T08:15:01.600000,503e6c,TRA21H,35050,450.5,212.9,39.600452,-8.557617,0.0,7117,A3
2025-07-19T08:15:01.600000,406ac3,EXS613,35000,450.0,196.3,39.31723,-8.179023,0.0,5222,A3
2025-07-19T08:15:01.600000,3991ea,AFR1896,33000,453.0,192.6,39.480441,-7.222534,0.0,7650,A3
2025-07-19T08:15:01.600000,3c6678,DLH91J,28625,480.8,44.8,40.026405,-7.564961,0.0,4706,A3
2025-07-19T08:15:01.600000,44d1ba,JAF4DT,35000,449.6,213.5,39.34935,-8.727112,0.2,7140,A3
2025-07-19T08:15:01.600000,407e60,EZY31DR,35000,458.1,185.5,38.77145,-7.531677,0.2,7506,A3
2025-07-19T08:15:01.600000,44015a,EJU51NK,35000,427.3,231.0,38.742645,-8.454935,14.5,2336,A3
2025-07-19T08:15:01.600000,4cac53,,,,,,,13.5,,A3
2025-07-19T08:15:01.600000,4070ea,EXS14J,38975,435.8,185.3,39.062076,-7.501892,8.6,5201,A3
2025-07-19T08:15:01.600000,4d244c,RYR31AV,37000,448.2,213.4,39.341583,-8.734071,0.3,1120,A3
2025-07-19T08:15:01.600000,4070e4,EXS95GL,37000,445.3,184.4,39.258041,-7.49996,0.1,5401,A3
2025-07-19T08:15:01.600000,34640e,,32000,540.1,108.2,,,17.9,,A5
2025-07-19T08:15:01.600000,407bdc,,37000,461.7,187.2,,,10.3,,A3
2025-07-19T08:15:01.600000,4952cb,,,,,,,200.5,,A3
2025-07-19T08:15:01.600000,4cadbd,,,,,,,211.9,,A3
2025-07-19T08:15:01.600000,4d2314,,,,,,,140.1,,A3
2025-07-19T08:15:01.600000,4951d9,,36025,462.7,43.2,40.985733,-6.295654,0.6,4705,A3
2025-07-19T08:15:01.600000,4d2247,RYR7243,36000,420.5,355.1,40.650101,-8.458496,0.6,4710,A3
2025-07-19T08:15:01.600000,48683e,,9575,329.6,207.3,38.891089,-9.159729,1.9,3731,A3
2025-07-19T08:15:01.600000,4952ca,,33975,444.0,30.9,41.2221,-6.165515,45.6,,A3
2025-07-19T08:15:01.600000,490036,,ground,0.0,,39.54911,-8.867952,1.0,,
2025-07-19T08:16:01.700000,4d2124,,30050,,,,,29.0,5441,
2025-07-19T08:16:01.700000,44083b,EJU92VK,4450,223.8,348.1,40.886505,-8.585378,18.7,4075,A3
2025-07-19T08:16:01.700000,4b1a2e,,,,,,,90.0,,
2025-07-19T08:16:01.700000,4d224c,RYR62EA,33650,407.4,209.1,40.275413,-8.360908,0.0,5402,A3
2025-07-19T08:16:01.700000,40768c,EZY59NZ,35000,465.4,196.6,40.171326,-7.829834,0.0,5403,A3
2025-07-19T08:16:01.700000,39e694,,,,,,,266.4,,A3
2025-07-19T08:16:01.700000,495211,TAP13J,28100,421.3,6.0,40.060482,-8.849737,0.0,2001,A3
2025-07-19T08:16:01.700000,49514c,TAP63V,30875,441.4,209.0,40.017471,-8.548584,0.1,2271,A3
2025-07-19T08:16:01.700000,495151,TAP822W,28250,450.4,44.7,39.612671,-8.104626,0.1,0526,A3
2025-07-19T08:16:01.700000,39de4f,TVF74FN,36975,441.5,210.3,39.897858,-8.654898,0.0,7663,A3
2025-07-19T08:16:01.700000,39e692,AFR39YM,32425,449.7,216.0,40.17919,-8.134128,0.1,7651,A3
2025-07-19T08:16:01.700000,495210,TAP5HA,30350,424.1,213.2,40.025521,-8.236126,0.1,1135,A3
2025-07-19T08:16:01.700000,485061,,,,,,,84.7,,A3
2025-07-19T08:16:01.700000,ab4732,,,,,,,176.6,,A5
2025-07-19T08:16:01.700000,4076da,,,,,,,211.3,,A3
2025-07-19T08:16:01.700000,503e6c,TRA21H,34975,457.9,213.2,39.494247,-8.647076,0.0,7117,A3
2025-07-19T08:16:01.700000,406ac3,EXS613,35000,449.7,196.1,39.198567,-8.223145,0.1,5222,A3
2025-07-19T08:16:01.700000,3991ea,AFR1896,33000,454.9,192.6,39.286926,-7.277965,0.1,7650,A3
2025-07-19T08:16:01.700000,3c6678,DLH91J,29600,487.9,45.0,40.11937,-7.444298,0.1,4706,A3
2025-07-19T08:16:01.700000,44d1ba,JAF4DT,35000,449.6,213.5,39.306885,-8.763269,0.4,7140,A3
2025-07-19T08:16:01.700000,407e60,EZY31DR,34700,455.1,185.5,38.6987,-7.540622,23.8,7506,A3
2025-07-19T08:16:01.700000,44015a,,,,,,,74.7,,A3
2025-07-19T08:16:01.700000,4cac53,,,,,,,73.6,,A3
2025-07-19T08:16:01.700000,4070ea,,,435.8,185.3,,,13.3,,A3
2025-07-19T08:16:01.700000,4d244c,RYR31AV,37000,449.0,213.4,39.242326,-8.818359,5.1,1120,A3
2025-07-19T08:16:01.700000,4070e4,EXS95GL,37000,446.4,184.5,39.135954,-7.512085,0.2,5401,A3
2025-07-19T08:16:01.700000,34640e,,32000,542.3,113.6,,,30.7,,A5
2025-07-19T08:16:01.700000,407bdc,,,,,,,70.5,,A3
2025-07-19T08:16:01.700000,4952cb,,,,,,,260.6,,A3
2025-07-19T08:16:01.700000,4cadbd,,,,,,,272.1,,A3
2025-07-19T08:16:01.700000,4d2314,,,,,,,200.3,,A3
2025-07-19T08:16:01.700000,4951d9,,36000,462.7,43.2,41.113586,-6.179932,0.1,4705,A3
2025-07-19T08:16:01.700000,4d2247,RYR7243,36000,420.5,355.1,40.746336,-8.469398,11.1,4710,A3
2025-07-19T08:16:01.700000,48683e,,9175,326.1,205.6,,,26.2,,A3
2025-07-19T08:16:01.700000,4952ca,,34050,448.1,31.0,41.44162,-5.99067,0.1,5435,A3
2025-07-19T08:16:01.700000,490036,,ground,0.0,,39.54911,-8.867952,3.2,,
2025-07-19T08:17:01.900000,4ca810,,33000,440.0,173.3,,,6.4,,
2025-07-19T08:17:01.900000,4854c7,,38875,,,,,3.0,3751,
2025-07-19T08:17:01.900000,344216,AEA24HA,17425,389.9,65.9,39.086749,-8.51416,0.1,3366,A3
2025-07-19T08:17:01.900000,4d2124,,,,,,,89.2,,
2025-07-19T08:17:01.900000,44083b,EJU92VK,3900,227.5,348.6,40.960197,-8.605541,4.2,4075,A3
2025-07-19T08:17:01.900000,4b1a2e,,,,,,,150.2,,
2025-07-19T08:17:01.900000,4d224c,RYR62EA,31875,397.0,208.8,40.182588,-8.427575,0.1,5402,A3
2025-07-19T08:17:01.900000,40768c,EZY59NZ,35025,464.7,196.8,40.046219,-7.87854,0.0,5403,A3
2025-07-19T08:17:01.900000,495211,TAP13J,29225,429.4,6.0,40.178009,-8.833618,0.0,2001,A3
2025-07-19T08:17:01.900000,49514c,TAP63V,29900,445.8,209.0,39.910118,-8.625916,0.3,2271,A3
2025-07-19T08:17:01.900000,495151,TAP822W,29750,456.1,44.7,39.701378,-7.99115,0.0,0526,A3
2025-07-19T08:17:01.900000,39de4f,TVF74FN,37000,444.1,210.1,39.791061,-8.735564,0.5,7663,A3
2025-07-19T08:17:01.900000,39e692,AFR39YM,30500,425.2,216.0,40.081375,-8.226624,0.1,7651,A3
2025-07-19T08:17:01.900000,495210,TAP5HA,29375,424.1,213.2,39.92683,-8.320021,0.0,1135,A3
2025-07-19T08:17:01.900000,485061,TRA31M,36975,461.9,201.1,39.656067,-7.635259,0.0,3726,A3
2025-07-19T08:17:01.900000,ab4732,,,,,,,236.8,,A5
2025-07-19T08:17:01.900000,4076da,,,,,,,271.5,,A3
2025-07-19T08:17:01.900000,503e6c,TRA21H,35000,459.0,213.0,39.387772,-8.736698,0.1,7117,A3
2025-07-19T08:17:01.900000,406ac3,EXS613,35000,451.9,196.2,39.078276,-8.267944,0.0,5222,A3
2025-07-19T08:17:01.900000,3991ea,AFR1896,33000,454.7,192.4,39.163327,-7.313171,0.1,7650,A3
2025-07-19T08:17:01.900000,3c6678,,31050,476.6,45.0,40.206528,-7.33075,0.8,4706,A3
2025-07-19T08:17:01.900000,44d1ba,JAF4DT,35000,449.6,213.5,39.211788,-8.844055,29.7,7140,A3
2025-07-19T08:17:01.900000,407e60,EZY31DR,34200,,,,,50.8,7506,A3
2025-07-19T08:17:01.900000,44015a,,,,,,,134.8,,A3
2025-07-19T08:17:01.900000,4cac53,,,,,,,133.8,,A3
2025-07-19T08:17:01.900000,4070ea,EXS14J,34575,424.8,185.3,38.787552,-7.533875,0.0,5201,A3
2025-07-19T08:17:01.900000,4d244c,RYR31AV,37000,448.5,213.3,39.212585,-8.843457,25.1,1120,A3
2025-07-19T08:17:01.900000,4070e4,EXS95GL,36725,447.3,184.4,39.069901,-7.518649,3.2,5401,A3
2025-07-19T08:17:01.900000,34640e,,,,,,,90.8,,A5
2025-07-19T08:17:01.900000,407bdc,,,,,,,130.7,,A3
2025-07-19T08:17:01.900000,4d2314,,,,,,,260.5,,A3
2025-07-19T08:17:01.900000,4951d9,TAP640,35975,445.5,29.4,41.2248,-6.096164,1.6,4705,A3
2025-07-19T08:17:01.900000,4d2247,,36000,419.5,355.1,,,7.0,4710,A3
2025-07-19T08:17:01.900000,48683e,,,,,,,86.4,,A3
2025-07-19T08:17:01.900000,4952ca,,34050,448.1,31.0,41.44162,-5.99067,58.0,5435,A3
2025-07-19T08:17:01.900000,490036,,ground,0.0,,39.549105,-8.867966,0.2,,
2025-07-19T08:18:01.100000,4ca810,,33000,,,,,1.7,,
2025-07-19T08:18:01.100000,4854c7,,39000,,,,,24.2,,
2025-07-19T08:18:01.100000,344216,AEA24HA,19925,399.7,65.9,39.131424,-8.386091,0.1,3366,A3
2025-07-19T08:18:01.100000,4d2124,,,,,,,148.3,,
2025-07-19T08:18:01.100000,44083b,EJU92VK,3900,187.7,348.6,40.984039,-8.612,28.3,4075,A3
2025-07-19T08:18:01.100000,4b1a2e,,,,,,,209.3,,
2025-07-19T08:18:01.100000,4d224c,RYR62EA,29875,386.7,208.8,40.081244,-8.500297,0.0,5402,A3
2025-07-19T08:18:01.100000,40768c,EZY59NZ,35025,465.1,196.5,39.924689,-7.925699,0.2,5403,A3
2025-07-19T08:18:01.100000,495211,TAP13J,30150,439.4,6.0,40.295883,-8.817383,0.3,2001,A3
2025-07-19T08:18:01.100000,49514c,TAP63V,28950,448.1,209.0,39.801682,-8.704098,0.0,2271,A3
2025-07-19T08:18:01.100000,495151,TAP822W,30325,456.1,44.9,39.732661,-7.950928,21.4,0526,A3
2025-07-19T08:18:01.100000,39de4f,TVF74FN,37025,444.9,210.1,39.685038,-8.815308,0.0,7663,A3
2025-07-19T08:18:01.100000,39e692,AFR39YM,28800,419.0,195.4,39.983764,-8.30273,0.0,7651,A3
2025-07-19T08:18:01.100000,495210,TAP5HA,28350,414.1,213.1,39.827581,-8.404114,0.3,1135,A3
2025-07-19T08:18:01.100000,485061,TRA31M,37000,461.9,201.1,39.539329,-7.693237,0.2,3726,A3
2025-07-19T08:18:01.100000,ab4732,,,,,,,295.9,,A5
2025-07-19T08:18:01.100000,503e6c,TRA21H,35000,459.9,212.9,39.283199,-8.823975,0.9,7117,A3
2025-07-19T08:18:01.100000,406ac3,EXS613,35000,451.4,195.9,38.96315,-8.310381,0.2,5222,A3
2025-07-19T08:18:01.100000,3991ea,AFR1896,33450,466.1,192.5,39.038939,-7.348633,0.1,7650,A3
2025-07-19T08:18:01.100000,3c6678,DLH91J,31850,475.9,45.1,40.274597,-7.241699,9.9,4706,A3
2025-07-19T08:18:01.100000,44d1ba,,,,,,,88.9,,A3
2025-07-19T08:18:01.100000,407e60,,,,,,,110.0,,A3
2025-07-19T08:18:01.100000,44015a,,,,,,,194.0,,A3
2025-07-19T08:18:01.100000,4cac53,,,,,,,193.0,,A3
2025-07-19T08:18:01.100000,4070ea,EXS14J,32800,415.7,185.2,38.678858,-7.546631,3.3,5201,A3
2025-07-19T08:18:01.100000,4d244c,,,,,,,84.3,,A3
2025-07-19T08:18:01.100000,4070e4,,36725,,,,,62.4,,A3
2025-07-19T08:18:01.100000,34640e,,,,,,,150.0,,A5
2025-07-19T08:18:01.100000,407bdc,,,,,,,189.8,,A3
2025-07-19T08:18:01.100000,4951d9,,35975,446.9,29.5,41.258783,-6.070695,23.4,4705,A3
2025-07-19T08:18:01.100000,4d2247,,36000,,,,,66.1,,A3
2025-07-19T08:18:01.100000,48683e,,,,,,,145.5,,A3
2025-07-19T08:18:01.100000,4952ca,,,,,,,117.1,,A3
2025-07-19T08:18:01.100000,490036,,ground,0.0,,39.549105,-8.867966,0.9,,
2025-07-19T08:19:00.200000,4d22ff,,30350,447.3,332.6,,,0.3,2616,
2025-07-19T08:19:00.200000,341682,IBS15RZ,35000,430.7,243.7,39.308011,-6.993774,1.8,2637,A3
2025-07-19T08:19:00.200000,49521a,TAP868,16375,352.0,64.6,39.061005,-8.536987,0.2,5437,A3
2025-07-19T08:19:00.200000,4ca810,RYR95ZQ,33000,437.0,173.3,40.401011,-7.957909,0.6,4611,A3
2025-07-19T08:19:00.200000,4854c7,,,,,,,83.3,,
2025-07-19T08:19:00.200000,344216,AEA24HA,21950,417.2,66.0,39.17395,-8.263988,0.2,3366,A3
2025-07-19T08:19:00.200000,4d2124,,,,,,,207.5,,
2025-07-19T08:19:00.200000,44083b,,,,,,,87.4,,A3
2025-07-19T08:19:00.200000,4b1a2e,,,,,,,268.5,,
2025-07-19T08:19:00.200000,4d224c,RYR62EA,28975,395.9,176.2,39.979062,-8.531633,0.0,5402,A3
2025-07-19T08:19:00.200000,40768c,EZY59NZ,35025,464.2,196.5,39.805618,-7.971596,0.8,5403,A3
2025-07-19T08:19:00.200000,495211,TAP13J,31025,447.5,6.0,40.417145,-8.800659,0.4,2001,A3
2025-07-19T08:19:00.200000,49514c,TAP63V,27975,447.6,208.9,39.694767,-8.780579,0.0,2271,A3
2025-07-19T08:19:00.200000,495151,,,,,,,4.7,,A3
2025-07-19T08:19:00.200000,39de4f,TVF74FN,37025,445.4,210.2,39.588821,-8.887402,0.6,7663,A3
2025-07-19T08:19:00.200000,39e692,AFR39YM,27475,414.9,186.8,39.870642,-8.322083,0.1,7651,A3
2025-07-19T08:19:00.200000,495210,TAP5HA,27350,409.1,213.0,39.732697,-8.484252,0.0,1135,A3
2025-07-19T08:19:00.200000,485061,TRA31M,37000,460.2,200.9,39.419998,-7.752347,0.0,3726,A3
2025-07-19T08:19:00.200000,503e6c,,35000,460.4,213.0,39.283199,-8.823975,38.9,7117,A3
2025-07-19T08:19:00.200000,406ac3,EXS613,35000,450.7,196.1,38.84221,-8.35498,0.1,5222,A3
2025-07-19T08:19:00.200000,3991ea,AFR1896,34125,463.9,192.4,38.956123,-7.372009,19.9,7650,A3
2025-07-19T08:19:00.200000,3c6678,,,,,,,2.5,,A3
2025-07-19T08:19:00.200000,44d1ba,,,,,,,148.0,,A3
2025-07-19T08:19:00.200000,407e60,,,,,,,169.1,,A3
2025-07-19T08:19:00.200000,44015a,,,,,,,253.1,,A3
2025-07-19T08:19:00.200000,4cac53,,,,,,,252.1,,A3
2025-07-19T08:19:00.200000,4070ea,EXS14J,30875,406.6,185.1,38.562105,-7.56012,0.0,5201,A3
2025-07-19T08:19:00.200000,4d244c,,,,,,,143.4,,A3
2025-07-19T08:19:00.200000,4070e4,EXS95GL,33200,436.4,184.6,38.767028,-7.548401,0.0,5401,A3
2025-07-19T08:19:00.200000,34640e,,,,,,,209.1,,A5
2025-07-19T08:19:00.200000,407bdc,,,,,,,249.0,,A3
2025-07-19T08:19:00.200000,4951d9,,,,,,,82.6,,A3
2025-07-19T08:19:00.200000,4d2247,,,,,,,125.3,,A3
2025-07-19T08:19:00.200000,48683e,,,,,,,204.7,,A3
2025-07-19T08:19:00.200000,4952ca,,,,,,,176.3,,A3
2025-07-19T08:19:00.200000,490036,,ground,0.0,,39.54911,-8.867952,0.2,,
2025-07-19T08:20:00.400000,4cac54,RYR67BX,37000,439.2,216.3,40.827896,-7.515564,2.6,,A3
2025-07-19T08:20:00.400000,34764a,,40000,494.5,41.4,,,0.8,4445,
2025-07-19T08:20:00.400000,4d22ff,RYR5509,31950,444.1,332.5,39.085373,-7.310685,0.2,2616,A3
2025-07-19T08:20:00.400000,341682,IBS15RZ,35000,433.3,237.2,39.249821,-7.13446,0.2,2637,A3
2025-07-19T08:20:00.400000,49521a,TAP868,18525,362.8,64.7,39.103787,-8.420959,0.2,5437,A3
2025-07-19T08:20:00.400000,4ca810,RYR95ZQ,33000,437.0,173.3,40.27951,-7.939245,0.2,4611,A3
2025-07-19T08:20:00.400000,4854c7,,,462.4,192.7,,,12.0,,
2025-07-19T08:20:00.400000,344216,AEA24HA,24125,435.6,66.0,39.225521,-8.115051,0.3,3366,A3
2025-07-19T08:20:00.400000,4d2124,,,,,,,267.7,,
2025-07-19T08:20:00.400000,44083b,,,,,,,147.6,,A3
2025-07-19T08:20:00.400000,4d224c,RYR62EA,28675,394.4,177.5,39.869614,-8.523002,0.0,5402,A3
2025-07-19T08:20:00.400000,40768c,EZY59NZ,35000,461.7,196.4,39.682338,-8.01886,0.0,5403,A3
2025-07-19T08:20:00.400000,495211,TAP13J,32100,449.5,6.0,40.540375,-8.783569,0.3,2001,A3
2025-07-19T08:20:00.400000,49514c,TAP63V,26975,443.5,208.7,39.585835,-8.858459,0.0,2271,A3
2025-07-19T08:20:00.400000,495151,,,,,,,64.9,,A3
2025-07-19T08:20:00.400000,39de4f,,37000,444.9,210.1,39.489487,-8.961858,3.2,7663,A3
2025-07-19T08:20:00.400000,39e692,AFR39YM,26100,407.8,186.8,39.757334,-8.339417,0.0,7651,A3
2025-07-19T08:20:00.400000,495210,TAP5HA,26350,406.9,213.1,39.638067,-8.563843,0.0,1135,A3
2025-07-19T08:20:00.400000,485061,TRA31M,37000,458.0,200.8,39.302844,-7.809937,0.2,3726,A3
2025-07-19T08:20:00.400000,503e6c,,,,,,,99.0,,A3
2025-07-19T08:20:00.400000,406ac3,EXS613,35000,450.7,196.1,38.719162,-8.400242,0.2,5222,A3
2025-07-19T08:20:00.400000,3991ea,,34975,,,,,2.9,,A3
2025-07-19T08:20:00.400000,3c6678,,33800,468.8,45.1,,,33.9,,A3
2025-07-19T08:20:00.400000,44d1ba,,,,,,,208.2,,A3
2025-07-19T08:20:00.400000,407e60,,,,,,,229.3,,A3
2025-07-19T08:20:00.400000,4070ea,EXS14J,29375,394.6,185.2,38.472794,-7.570535,0.2,5201,A3
2025-07-19T08:20:00.400000,4d244c,,,,,,,203.6,,A3
2025-07-19T08:20:00.400000,4070e4,EXS95GL,31400,420.1,184.2,38.650694,-7.559937,0.1,5401,A3
2025-07-19T08:20:00.400000,34640e,,,,,,,269.3,,A5
2025-07-19T08:20:00.400000,4951d9,,,449.6,29.6,,,13.0,,A3
2025-07-19T08:20:00.400000,4d2247,,,,,,,185.4,,A3
2025-07-19T08:20:00.400000,48683e,,,,,,,264.9,,A3
2025-07-19T08:20:00.400000,4952ca,,,,,,,236.4,,A3
2025-07-19T08:20:00.400000,490036,,ground,0.0,,39.54911,-8.867952,1.3,,
2025-07-19T08:21:00.600000,4912d5,,10100,191.9,219.1,40.273551,-8.351857,0.5,3276,
2025-07-19T08:21:00.600000,4cac54,RYR67BX,37000,436.4,216.2,40.719772,-7.619995,1.2,7545,A3
2025-07-19T08:21:00.600000,34764a,IBE3272,40000,491.6,41.5,38.906021,-8.26966,0.5,4445,A5
2025-07-19T08:21:00.600000,4d22ff,RYR5509,33325,434.7,332.6,39.187441,-7.378784,0.4,2616,A3
2025-07-19T08:21:00.600000,341682,IBS15RZ,35025,439.9,224.3,39.182053,-7.243095,0.2,2637,A3
2025-07-19T08:21:00.600000,49521a,TAP868,20000,396.8,64.8,39.148819,-8.29838,0.1,5437,A3
2025-07-19T08:21:00.600000,4ca810,RYR95ZQ,33000,437.0,173.3,40.158753,-7.920768,0.0,4611,A3
2025-07-19T08:21:00.600000,4854c7,TRA44U,39000,457.1,192.6,40.839294,-6.828064,0.6,3751,A3
2025-07-19T08:21:00.600000,344216,,26200,443.2,66.0,39.275099,-7.97229,0.4,3366,A3
2025-07-19T08:21:00.600000,44083b,,,,,,,207.8,,A3
2025-07-19T08:21:00.600000,4d224c,RYR62EA,27675,358.9,220.5,39.781586,-8.583487,0.2,5402,A3
2025-07-19T08:21:00.600000,40768c,EZY59NZ,35025,459.1,196.6,39.558517,-8.066234,0.1,5403,A3
2025-07-19T08:21:00.600000,495211,TAP13J,32750,453.5,6.1,40.646342,-8.768838,10.2,2001,A3
2025-07-19T08:21:00.600000,49514c,TAP63V,25750,438.3,205.7,39.479137,-8.9328,0.1,2271,A3
2025-07-19T08:21:00.600000,495151,,,,,,,125.1,,A3
2025-07-19T08:21:00.600000,39de4f,TVF74FN,37000,446.7,210.0,39.441742,-8.997564,2.1,7663,A3
2025-07-19T08:21:00.600000,39e692,AFR39YM,24750,376.6,219.4,39.657293,-8.389587,0.0,7651,A3
2025-07-19T08:21:00.600000,495210,TAP5HA,25350,399.1,212.9,39.543473,-8.643127,0.0,1135,A3
2025-07-19T08:21:00.600000,485061,TRA31M,37000,458.0,200.8,39.181686,-7.869256,0.2,3726,A3
2025-07-19T08:21:00.600000,503e6c,,,,,,,159.2,,A3
2025-07-19T08:21:00.600000,406ac3,EXS613,35000,450.7,196.1,38.666519,-8.419647,19.6,5222,A3
2025-07-19T08:21:00.600000,3991ea,AFR1896,35000,463.9,192.4,38.663452,-7.454403,0.3,7650,A3
2025-07-19T08:21:00.600000,3c6678,,,,,,,94.0,,A3
2025-07-19T08:21:00.600000,44d1ba,,,,,,,268.4,,A3
2025-07-19T08:21:00.600000,407e60,,,,,,,289.5,,A3
2025-07-19T08:21:00.600000,4070ea,EXS14J,27500,391.7,185.3,38.361604,-7.583253,8.2,5201,A3
2025-07-19T08:21:00.600000,4d244c,,,,,,,263.8,,A3
2025-07-19T08:21:00.600000,4070e4,EXS95GL,29850,408.2,184.4,38.553167,-7.569397,5.3,5401,A3
2025-07-19T08:21:00.600000,4951d9,,,,,,,73.2,,A3
2025-07-19T08:21:00.600000,4d2247,,,,,,,245.6,,A3
2025-07-19T08:21:00.600000,4952ca,,,,,,,296.6,,A3
2025-07-19T08:21:00.600000,490036,,ground,0.0,,39.549105,-8.867966,1.6,,
2025-07-19T08:22:00.800000,4951d4,TAP882,15750,396.4,65.2,39.063583,-8.551005,0.2,0520,A3
2025-07-19T08:22:00.800000,4912d5,,,,,,,19.4,,
2025-07-19T08:22:00.800000,4cac54,RYR67BX,37000,435.8,216.1,40.622772,-7.713135,0.4,7545,A3
2025-07-19T08:22:00.800000,34764a,IBE3272,40000,494.5,41.6,39.005515,-8.156738,0.3,4445,A5
2025-07-19T08:22:00.800000,4d22ff,RYR5509,34000,428.0,332.6,39.30098,-7.454343,0.2,2616,A3
2025-07-19T08:22:00.800000,341682,IBS15RZ,35000,446.1,214.9,39.086243,-7.344062,0.2,2637,A3
2025-07-19T08:22:00.800000,49521a,TAP868,21525,421.9,64.9,39.197589,-8.164917,0.0,5437,A3
2025-07-19T08:22:00.800000,4ca810,RYR95ZQ,33000,439.0,173.3,40.038323,-7.902416,0.1,4611,A3
2025-07-19T08:22:00.800000,4854c7,TRA44U,39000,457.1,192.6,40.739273,-6.857788,2.3,3751,A3
2025-07-19T08:22:00.800000,344216,AEA24HA,28100,452.2,66.3,39.32612,-7.82373,0.0,3366,A3
2025-07-19T08:22:00.800000,44083b,,,,,,,268.0,,A3
2025-07-19T08:22:00.800000,4d224c,RYR62EA,26650,352.9,219.8,39.705963,-8.666302,0.1,5402,A3
2025-07-19T08:22:00.800000,40768c,EZY59NZ,35000,457.6,196.4,39.433842,-8.113831,0.1,5403,A3
2025-07-19T08:22:00.800000,495211,TAP13J,33750,452.6,6.1,40.790268,-8.748718,1.3,1135,A3
2025-07-19T08:22:00.800000,49514c,TAP63V,24375,429.9,201.1,39.406769,-8.970576,22.3,2271,A3
2025-07-19T08:22:00.800000,495151,,34000,458.9,45.1,40.15155,-7.407715,0.6,0526,A3
2025-07-19T08:22:00.800000,39de4f,,37000,446.7,210.0,,,41.6,7663,A3
2025-07-19T08:22:00.800000,39e692,AFR39YM,23525,369.1,219.9,39.577606,-8.475713,0.1,7651,A3
2025-07-19T08:22:00.800000,495210,TAP5HA,24350,390.5,212.9,39.451346,-8.720154,0.1,1135,A3
2025-07-19T08:22:00.800000,485061,TRA31M,37000,461.1,200.8,39.063147,-7.927124,0.2,3726,A3
2025-07-19T08:22:00.800000,503e6c,,,,,,,219.4,,A3
2025-07-19T08:22:00.800000,406ac3,,,,,,,22.9,,A3
2025-07-19T08:22:00.800000,3991ea,AFR1896,35000,466.8,192.4,38.53743,-7.48981,0.1,7650,A3
2025-07-19T08:22:00.800000,3c6678,,,,,,,154.2,,A3
2025-07-19T08:22:00.800000,4070ea,,26850,,,,,49.1,5201,A3
2025-07-19T08:22:00.800000,4070e4,EXS95GL,27950,396.1,184.3,38.433151,-7.581104,1.3,5401,A3
2025-07-19T08:22:00.800000,4951d9,,,,,,,133.4,,A3
2025-07-19T08:22:00.800000,490036,,ground,0.0,,39.549105,-8.867966,0.4,,
2025-07-19T08:23:00.900000,48922b,ENT771,11000,364.6,86.7,41.409426,-8.461836,0.0,0502,
2025-07-19T08:23:00.900000,40690c,EZY96FE,35000,472.2,185.6,40.822263,-7.269953,8.1,7502,A3
2025-07-19T08:23:00.900000,4951d4,TAP882,17575,410.7,65.2,39.109047,-8.424927,0.2,0520,A3
2025-07-19T08:23:00.900000,4912d5,,10000,198.1,212.0,40.184235,-8.436523,20.2,3276,
2025-07-19T08:23:00.900000,4cac54,RYR67BX,37000,436.4,216.2,40.539505,-7.792969,0.1,7545,A3
2025-07-19T08:23:00.900000,34764a,IBE3272,40000,493.0,41.7,39.113702,-8.033386,0.2,4445,A5
2025-07-19T08:23:00.900000,4d22ff,RYR5509,34000,419.5,332.5,39.404095,-7.523865,0.2,2616,A3
2025-07-19T08:23:00.900000,341682,IBS15RZ,35000,445.6,215.2,39.043625,-7.382514,35.3,2637,A3
2025-07-19T08:23:00.900000,49521a,TAP868,22650,433.9,64.9,39.227755,-8.082153,9.5,5437,A3
2025-07-19T08:23:00.900000,4ca810,RYR95ZQ,33000,440.0,173.3,39.916542,-7.884033,0.3,4611,A3
2025-07-19T08:23:00.900000,4854c7,,39000,,,40.68242,-6.87457,16.2,3751,A3
2025-07-19T08:23:00.900000,344216,AEA24HA,29500,465.6,66.2,39.374542,-7.681891,0.2,3366,A3
2025-07-19T08:23:00.900000,4d224c,RYR62EA,25650,344.9,220.1,39.630898,-8.747498,0.0,5402,A3
2025-07-19T08:23:00.900000,40768c,EZY59NZ,34950,456.9,196.5,39.311829,-8.160334,0.0,5403,A3
2025-07-19T08:23:00.900000,495211,TAP13J,34000,447.5,6.0,40.904022,-8.732788,6.3,2001,A3
2025-07-19T08:23:00.900000,49514c,TAP63V,21425,409.1,201.4,39.273097,-9.037842,5.3,2271,A3
2025-07-19T08:23:00.900000,495151,,34000,456.1,45.3,40.225021,-7.311462,6.0,0526,A3
2025-07-19T08:23:00.900000,39de4f,,,,,,,101.8,,A3
2025-07-19T08:23:00.900000,39e692,AFR39YM,22350,362.7,220.0,39.499946,-8.559509,0.0,7651,A3
2025-07-19T08:23:00.900000,495210,TAP5HA,23550,383.3,212.9,39.380586,-8.779114,12.1,1135,A3
2025-07-19T08:23:00.900000,485061,TRA31M,37000,462.1,200.8,38.949559,-7.982544,0.4,3726,A3
2025-07-19T08:23:00.900000,503e6c,,,,,,,279.6,,A3
2025-07-19T08:23:00.900000,406ac3,,,,,,,83.1,,A3
2025-07-19T08:23:00.900000,3991ea,AFR1896,35025,469.0,192.4,38.421387,-7.522112,0.4,7650,A3
2025-07-19T08:23:00.900000,3c6678,,,,,,,214.4,,A3
2025-07-19T08:23:00.900000,4070ea,,,,,,,109.3,,A3
2025-07-19T08:23:00.900000,4070e4,,27950,,,38.433151,-7.581104,19.8,5401,A3
2025-07-19T08:23:00.900000,4951d9,,,,,,,193.5,,A3
2025-07-19T08:23:00.900000,490036,,ground,0.0,,39.549105,-8.867966,5.4,,
2025-07-19T08:24:01.100000,34810b,,32000,510.7,116.0,,,0.7,,
2025-07-19T08:24:01.100000,40690a,,36975,,,,,5.3,,
2025-07-19T08:24:01.100000,48922b,ENT771,11850,376.5,87.1,41.411288,-8.413803,36.4,0502,
2025-07-19T08:24:01.100000,495275,AZU8002,28050,447.9,11.5,39.685038,-8.956726,0.7,4472,A5
2025-07-19T08:24:01.100000,40690c,EZY96FE,34975,471.3,185.6,40.618881,-7.29657,0.1,7502,A3
2025-07-19T08:24:01.100000,4951d4,TAP882,19800,418.4,65.3,39.159649,-8.283325,0.0,0520,A3
2025-07-19T08:24:01.100000,4912d5,RVP951,10100,,,,,24.1,3276,A1
2025-07-19T08:24:01.100000,4cac54,RYR67BX,37000,436.6,216.1,40.428085,-7.899353,2.6,7545,A3
2025-07-19T08:24:01.100000,34764a,IBE3272,40000,495.8,41.7,39.216614,-7.91559,0.1,4445,A5
2025-07-19T08:24:01.100000,4d22ff,RYR5509,34000,419.1,332.3,39.508118,-7.594001,0.3,2616,A3
2025-07-19T08:24:01.100000,341682,,34950,,,,,51.7,,A3
2025-07-19T08:24:01.100000,49521a,TAP868,25000,442.7,63.7,39.302797,-7.884338,0.1,5437,A3
2025-07-19T08:24:01.100000,4ca810,RYR95ZQ,33000,441.0,173.4,39.887512,-7.879645,36.8,4611,A3
2025-07-19T08:24:01.100000,4854c7,TRA44U,39000,447.9,192.6,40.461411,-6.940002,0.1,3751,A3
2025-07-19T08:24:01.100000,344216,AEA24HA,30900,480.1,66.4,39.429559,-7.520264,0.2,3366,A3
2025-07-19T08:24:01.100000,4d224c,RYR62EA,24625,349.0,211.0,39.55014,-8.816289,0.0,5402,A3
2025-07-19T08:24:01.100000,40768c,EZY59NZ,34975,459.8,196.4,39.190327,-8.206421,0.8,5403,A3
2025-07-19T08:24:01.100000,495211,,34000,,,40.904022,-8.732788,4.1,,A3
2025-07-19T08:24:01.100000,49514c,,21425,398.0,201.2,39.273097,-9.037842,19.5,,A3
2025-07-19T08:24:01.100000,495151,TAP822W,34000,457.5,45.3,40.282536,-7.235808,18.5,0526,A3
2025-07-19T08:24:01.100000,39de4f,,,,,,,162.0,,A3
2025-07-19T08:24:01.100000,39e692,AFR39YM,21150,359.3,219.8,39.422437,-8.643005,0.0,7651,A3
2025-07-19T08:24:01.100000,495210,,22550,383.3,212.9,39.350746,-8.804016,14.2,1135,A3
2025-07-19T08:24:01.100000,485061,TRA31M,37000,463.4,200.9,38.833877,-8.038757,3.1,3726,A3
2025-07-19T08:24:01.100000,406ac3,,,,,,,143.3,,A3
2025-07-19T08:24:01.100000,3991ea,AFR1896,35000,468.8,192.3,38.352905,-7.541238,3.7,7650,A3
2025-07-19T08:24:01.100000,3c6678,,,,,,,274.6,,A3
2025-07-19T08:24:01.100000,4070ea,,,,,,,169.5,,A3
2025-07-19T08:24:01.100000,4070e4,,,,,,,80.0,,A3
2025-07-19T08:24:01.100000,4951d9,,,,,,,253.7,,A3
2025-07-19T08:24:01.100000,490036,,ground,0.0,,39.54911,-8.867952,0.2,,
2025-07-19T08:25:00.300000,495290,,15750,400.8,64.6,39.038544,-8.604683,3.0,4421,
2025-07-19T08:25:00.300000,34810b,IBE03VV,32000,509.8,116.1,41.099388,-5.807023,7.0,3357,A3
2025-07-19T08:25:00.300000,40690a,,36975,458.8,185.1,40.676507,-7.322949,0.6,2216,
2025-07-19T08:25:00.300000,48922b,,3225,,,,,33.7,,
2025-07-19T08:25:00.300000,495275,AZU8002,25375,432.4,11.3,39.819168,-8.921794,0.0,4472,A5
2025-07-19T08:25:00.300000,40690c,EZY96FE,35000,472.3,185.7,40.502169,-7.311713,0.1,7502,A3
2025-07-19T08:25:00.300000,4951d4,TAP882,21575,431.2,64.4,39.207831,-8.149048,0.3,0520,A3
2025-07-19T08:25:00.300000,4912d5,RVP951,10000,195.0,213.3,40.078125,-8.528198,0.2,3276,A1
2025-07-19T08:25:00.300000,4cac54,RYR67BX,36175,439.7,215.9,40.327505,-7.995051,0.4,7545,A3
2025-07-19T08:25:00.300000,34764a,IBE3272,40000,503.1,63.2,39.30098,-7.800293,0.3,4445,A5
2025-07-19T08:25:00.300000,4d22ff,RYR5509,34000,420.0,332.3,39.610107,-7.663382,0.1,2616,A3
2025-07-19T08:25:00.300000,341682,IBS15RZ,35000,443.0,215.0,38.774323,-7.62493,0.0,2637,A3
2025-07-19T08:25:00.300000,49521a,TAP868,26500,451.2,63.8,39.356146,-7.744751,0.1,5437,A3
2025-07-19T08:25:00.300000,4ca810,RYR95ZQ,33000,442.0,173.4,39.674973,-7.847522,0.0,4611,A3
2025-07-19T08:25:00.300000,4854c7,TRA44U,39000,454.1,192.7,40.339966,-6.975708,0.1,3751,A3
2025-07-19T08:25:00.300000,344216,AEA24HA,31500,482.3,66.4,39.452649,-7.452148,31.8,3366,A3
2025-07-19T08:25:00.300000,4d224c,RYR62EA,23875,342.3,211.1,39.48793,-8.864773,5.7,5402,A3
2025-07-19T08:25:00.300000,40768c,EZY59NZ,35025,461.0,196.5,39.068161,-8.252583,0.2,5403,A3
2025-07-19T08:25:00.300000,495211,,,,,,,63.3,,A3
2025-07-19T08:25:00.300000,49514c,,,403.7,201.4,,,25.1,,A3
2025-07-19T08:25:00.300000,495151,,34025,,,,,12.3,1357,A3
2025-07-19T08:25:00.300000,39de4f,,,,,,,221.1,,A3
2025-07-19T08:25:00.300000,39e692,AFR39YM,20000,348.6,219.8,39.347953,-8.723022,0.2,7651,A3
2025-07-19T08:25:00.300000,495210,,,,,,,73.3,,A3
2025-07-19T08:25:00.300000,485061,TRA31M,37000,465.2,200.8,38.706619,-8.100387,0.1,3726,A3
2025-07-19T08:25:00.300000,406ac3,,,,,,,202.4,,A3
2025-07-19T08:25:00.300000,3991ea,,34975,470.0,192.4,,,37.2,,A3
2025-07-19T08:25:00.300000,4070ea,,,,,,,228.7,,A3
2025-07-19T08:25:00.300000,4070e4,,,,,,,139.2,,A3
2025-07-19T08:25:00.300000,490036,,ground,0.0,,39.549105,-8.867966,1.5,,
2025-07-19T08:26:00.500000,495290,TAP1030,17850,420.0,64.8,39.08619,-8.475098,2.7,4421,A3
2025-07-19T08:26:00.500000,34810b,,32000,,,41.099388,-5.807023,67.2,,A3
2025-07-19T08:26:00.500000,40690a,EZY15WE,36975,460.8,185.1,40.541599,-7.338555,0.0,2216,A3
2025-07-19T08:26:00.500000,48922b,,,,,,,93.9,,
2025-07-19T08:26:00.500000,495275,AZU8002,23000,420.3,11.4,39.934139,-8.891747,0.2,4472,A5
2025-07-19T08:26:00.500000,40690c,EZY96FE,35050,472.2,185.6,40.357345,-7.330565,0.0,7502,A3
2025-07-19T08:26:00.500000,4951d4,TAP882,22750,439.6,63.7,39.244812,-8.052979,0.6,0520,A3
2025-07-19T08:26:00.500000,4912d5,RVP951,10000,194.7,213.7,40.032643,-8.567214,0.2,3276,A1
2025-07-19T08:26:00.500000,4cac54,RYR67BX,34925,438.3,215.9,40.228546,-8.088562,0.1,7545,A3
2025-07-19T08:26:00.500000,34764a,IBE3272,40025,505.5,76.7,39.327713,-7.699804,2.8,4445,A5
2025-07-19T08:26:00.500000,4d22ff,RYR5509,33750,420.0,332.3,39.71196,-7.732285,0.1,2616,A3
2025-07-19T08:26:00.500000,341682,IBS15RZ,34975,442.2,215.1,38.674438,-7.714373,0.6,2637,A3
2025-07-19T08:26:00.500000,49521a,TAP868,27775,462.4,63.8,39.412582,-7.596329,0.5,5437,A3
2025-07-19T08:26:00.500000,4ca810,RYR95ZQ,33000,433.9,173.4,39.553342,-7.829346,0.1,4611,A3
2025-07-19T08:26:00.500000,4854c7,TRA44U,39000,451.8,192.5,40.217468,-7.011536,0.0,3751,A3
2025-07-19T08:26:00.500000,344216,AEA24HA,33625,491.5,77.1,39.506149,-7.189537,1.5,3366,A3
2025-07-19T08:26:00.500000,4d224c,,23100,337.0,211.3,39.443436,-8.899463,24.7,5402,A3
2025-07-19T08:26:00.500000,40768c,EZY59NZ,35025,460.7,196.4,38.94523,-8.299011,0.0,5403,A3
2025-07-19T08:26:00.500000,495211,,,,,,,123.5,,A3
2025-07-19T08:26:00.500000,49514c,,,,,,,85.2,,A3
2025-07-19T08:26:00.500000,495151,,,,,,,72.5,,A3
2025-07-19T08:26:00.500000,39de4f,,,,,,,281.3,,A3
2025-07-19T08:26:00.500000,39e692,AFR39YM,19500,346.5,219.8,39.31383,-8.759521,21.3,7651,A3
2025-07-19T08:26:00.500000,495210,,,,,,,133.5,,A3
2025-07-19T08:26:00.500000,485061,TRA31M,37000,468.0,200.6,38.58161,-8.160645,0.5,3726,A3
2025-07-19T08:26:00.500000,406ac3,,,,,,,262.6,,A3
2025-07-19T08:26:00.500000,3991ea,,,,,,,97.4,,A3
2025-07-19T08:26:00.500000,4070ea,,,,,,,288.8,,A3
2025-07-19T08:26:00.500000,4070e4,,,,,,,199.4,,A3
2025-07-19T08:26:00.500000,490036,,ground,0.0,,39.54911,-8.867952,0.9,,
2025-07-19T08:27:00.600000,440c38,,37000,,,,,2.4,3741,
2025-07-19T08:27:00.600000,495290,TAP1030,20200,433.0,64.9,39.138468,-8.331909,0.5,4421,A3
2025-07-19T08:27:00.600000,34810b,,,,,,,127.4,,A3
2025-07-19T08:27:00.600000,40690a,EZY15WE,37000,465.8,185.0,40.412324,-7.353661,0.1,2216,A3
2025-07-19T08:27:00.600000,48922b,,,,,,,154.1,,
2025-07-19T08:27:00.600000,495275,AZU8002,20575,410.3,11.5,40.047773,-8.861785,0.1,4472,A5
2025-07-19T08:27:00.600000,40690c,EZY96FE,35025,469.3,185.6,40.229885,-7.346795,0.2,7502,A3
2025-07-19T08:27:00.600000,4951d4,TAP882,25025,450.4,64.1,39.316818,-7.863345,0.0,0520,A3
2025-07-19T08:27:00.600000,4912d5,RVP951,10000,194.4,213.0,39.987396,-8.606201,0.0,3276,A1
2025-07-19T08:27:00.600000,4cac54,RYR67BX,31875,449.3,215.7,40.129193,-8.18238,0.0,7545,A3
2025-07-19T08:27:00.600000,34764a,,40000,507.3,74.6,39.379981,-7.447205,4.0,4445,A5
2025-07-19T08:27:00.600000,4d22ff,RYR5509,33200,423.1,332.4,39.71196,-7.732285,25.9,2616,A3
2025-07-19T08:27:00.600000,341682,IBS15RZ,35000,443.9,214.9,38.579329,-7.799072,4.0,2637,A3
2025-07-19T08:27:00.600000,49521a,TAP868,28675,471.8,64.0,39.45845,-7.475241,11.5,5437,A3
2025-07-19T08:27:00.600000,4ca810,RYR95ZQ,33000,435.0,173.3,39.436798,-7.811996,0.0,4611,A3
2025-07-19T08:27:00.600000,4854c7,TRA44U,39000,449.8,192.6,40.102203,-7.045166,0.3,3751,A3
2025-07-19T08:27:00.600000,344216,,34000,492.2,77.2,39.523361,-7.092332,27.8,,A3
2025-07-19T08:27:00.600000,4d224c,,,,,,,35.4,,A3
2025-07-19T08:27:00.600000,40768c,EZY59NZ,35025,460.7,196.4,38.928772,-8.305246,15.4,5403,A3
2025-07-19T08:27:00.600000,495211,,,,,,,183.7,,A3
2025-07-19T08:27:00.600000,49514c,,,,,,,145.4,,A3
2025-07-19T08:27:00.600000,495151,,,,,,,15.5,,A3
2025-07-19T08:27:00.600000,39e692,,18025,342.2,219.8,39.266602,-8.81008,14.7,,A3
2025-07-19T08:27:00.600000,495210,,,,,,,193.7,,A3
2025-07-19T08:27:00.600000,485061,TRA31M,37000,468.0,200.6,38.466522,-8.215982,1.5,3726,A3
2025-07-19T08:27:00.600000,3991ea,,,,,,,157.6,,A3
2025-07-19T08:27:00.600000,4070e4,,,,,,,259.5,,A3
2025-07-19T08:27:00.600000,490036,,ground,0.0,,39.549105,-8.867966,0.3,,
2025-07-19T08:28:00.800000,440c38,,37050,,,,,0.3,3741,
2025-07-19T08:28:00.800000,495290,TAP1030,22325,446.9,65.0,39.190746,-8.188232,0.9,4421,A3
2025-07-19T08:28:00.800000,34810b,,,,,,,187.6,,A3
2025-07-19T08:28:00.800000,40690a,EZY15WE,37000,456.8,185.0,40.285126,-7.368286,0.0,2216,A3
2025-07-19T08:28:00.800000,48922b,,,,,,,214.3,,
2025-07-19T08:28:00.800000,495275,AZU8002,18875,395.0,11.5,40.158829,-8.832397,0.1,4472,A5
2025-07-19T08:28:00.800000,40690c,EZY96FE,35000,471.3,185.6,40.09642,-7.364211,0.0,7502,A3
2025-07-19T08:28:00.800000,4951d4,TAP882,26750,446.8,64.1,39.364386,-7.737427,1.4,0520,A3
2025-07-19T08:28:00.800000,4912d5,RVP951,10000,193.3,213.6,39.942239,-8.644805,0.0,3276,A1
2025-07-19T08:28:00.800000,4cac54,RYR67BX,29500,436.2,212.0,40.029478,-8.275264,0.2,7545,A3
2025-07-19T08:28:00.800000,34764a,,40000,,,39.379981,-7.447205,54.0,5360,A5
2025-07-19T08:28:00.800000,4d22ff,RYR5509,29875,430.4,332.0,39.923339,-7.876573,0.1,2616,A3
2025-07-19T08:28:00.800000,341682,,35000,443.3,214.8,38.521977,-7.850037,28.8,2637,A3
2025-07-19T08:28:00.800000,49521a,,29925,482.1,64.2,39.521164,-7.308714,6.2,5437,A3
2025-07-19T08:28:00.800000,4ca810,RYR95ZQ,33000,436.9,173.4,39.312515,-7.793427,0.1,4611,A3
2025-07-19T08:28:00.800000,4854c7,,39000,450.8,192.6,40.051987,-7.059692,37.1,3751,A3
2025-07-19T08:28:00.800000,344216,,34000,,,,,3.1,,A3
2025-07-19T08:28:00.800000,4d224c,,,,,,,95.6,,A3
2025-07-19T08:28:00.800000,40768c,,,,,,,75.5,,A3
2025-07-19T08:28:00.800000,495211,,,,,,,243.8,,A3
2025-07-19T08:28:00.800000,49514c,,9350,280.4,200.9,,,0.6,2271,A3
2025-07-19T08:28:00.800000,495151,,,,,,,75.7,,A3
2025-07-19T08:28:00.800000,39e692,,,,,,,74.9,,A3
2025-07-19T08:28:00.800000,495210,,,,,,,253.9,,A3
2025-07-19T08:28:00.800000,485061,,37000,468.0,200.6,38.466522,-8.215982,58.6,3726,A3
2025-07-19T08:28:00.800000,3991ea,,,,,,,217.7,,A3
2025-07-19T08:28:00.800000,490036,,ground,0.0,,39.54911,-8.867952,1.3,,
2025-07-19T08:29:01,3451d4,,34000,427.2,336.3,,,25.7,,
2025-07-19T08:29:01,4952cd,,,,,,,22.2,0740,
2025-07-19T08:29:01,440c38,,37050,,,,,60.5,,
2025-07-19T08:29:01,495290,TAP1030,23875,462.0,63.4,39.23958,-8.05603,5.1,4421,A3
2025-07-19T08:29:01,34810b,,,,,,,247.8,,A3
2025-07-19T08:29:01,40690a,EZY15WE,37000,468.9,185.1,40.158195,-7.383249,0.2,2216,A3
2025-07-19T08:29:01,48922b,,,,,,,274.4,,
2025-07-19T08:29:01,495275,AZU8002,16475,389.7,11.4,40.265731,-8.804418,0.0,4472,A5
2025-07-19T08:29:01,40690c,EZY96FE,35025,471.3,185.6,40.001128,-7.376383,9.1,7502,A3
2025-07-19T08:29:01,4951d4,TAP882,27900,463.4,64.2,39.416618,-7.598816,1.6,0520,A3
2025-07-19T08:29:01,4912d5,RVP951,10000,193.6,213.2,39.897456,-8.683289,0.0,3276,A1
2025-07-19T08:29:01,4cac54,RYR67BX,28225,434.4,187.1,39.911561,-8.315247,0.0,7545,A3
2025-07-19T08:29:01,34764a,,,,,,,114.2,,A5
2025-07-19T08:29:01,4d22ff,RYR5509,26925,429.4,332.2,40.029327,-7.949219,0.0,2616,A3
2025-07-19T08:29:01,341682,,,,,,,88.9,,A3
2025-07-19T08:29:01,49521a,TAP868,31400,469.6,64.3,39.568704,-7.181885,2.0,,A3
2025-07-19T08:29:01,4ca810,RYR95ZQ,33000,440.0,173.3,39.192856,-7.775633,0.9,4611,A3
2025-07-19T08:29:01,4854c7,,,,,,,97.3,,A3
2025-07-19T08:29:01,344216,,34000,,,,,2.1,,A3
2025-07-19T08:29:01,4d224c,,,,,,,155.8,,A3
2025-07-19T08:29:01,40768c,,,,,,,135.7,,A3
2025-07-19T08:29:01,49514c,,9350,280.4,200.9,,,43.3,2271,A3
2025-07-19T08:29:01,495151,,34000,454.7,45.6,,,0.9,,A3
2025-07-19T08:29:01,39e692,,,,,,,135.1,,A3
2025-07-19T08:29:01,485061,,,,,,,118.8,,A3
2025-07-19T08:29:01,3991ea,,,,,,,277.9,,A3
2025-07-19T08:29:01,490036,,ground,0.0,,39.54911,-8.867952,2.4,,
2025-07-19T08:30:01.200000,4952c8,,37025,436.9,215.9,,,0.6,,
2025-07-19T08:30:01.200000,495218,,15425,352.5,64.8,39.035029,-8.618469,0.1,4714,
2025-07-19T08:30:01.200000,408032,,35050,446.1,196.8,,,1.0,,
2025-07-19T08:30:01.200000,3451d4,VLG9ZP,34000,425.1,342.8,,,0.5,4501,A3
2025-07-19T08:30:01.200000,4952cd,,35000,438.2,216.6,,,0.4,0740,
2025-07-19T08:30:01.200000,440c38,EJU34YX,37000,,,,,0.2,3741,A3
2025-07-19T08:30:01.200000,495290,TAP1030,26025,470.0,63.9,39.302146,-7.893738,0.1,4421,A3
2025-07-19T08:30:01.200000,40690a,EZY15WE,37000,463.7,184.9,40.031759,-7.397669,1.2,2216,A3
2025-07-19T08:30:01.200000,495275,AZU8002,14450,369.5,11.6,40.370054,-8.776266,0.1,4472,A5
2025-07-19T08:30:01.200000,40690c,EZY96FE,,,,,,40.2,2216,A3
2025-07-19T08:30:01.200000,4951d4,TAP882,28750,469.6,64.3,39.452603,-7.502686,24.9,0520,A3
2025-07-19T08:30:01.200000,4912d5,RVP951,10000,192.8,213.4,39.852207,-8.721741,0.1,3276,A1
2025-07-19T08:30:01.200000,4cac54,RYR67BX,27575,432.1,186.9,39.791875,-8.334473,0.0,7545,A3
2025-07-19T08:30:01.200000,34764a,,40000,,,,,1.4,,A5
2025-07-19T08:30:01.200000,4d22ff,RYR5509,24525,415.1,332.1,40.133289,-8.020519,0.0,2616,A3
2025-07-19T08:30:01.200000,341682,,35000,450.5,214.8,38.29866,-8.047368,3.1,2637,A3
2025-07-19T08:30:01.200000,49521a,TAP868,32725,468.3,64.3,39.628647,-7.021219,1.1,1643,A3
2025-07-19T08:30:01.200000,4ca810,RYR95ZQ,33000,440.0,173.3,39.128494,-7.76602,29.2,4611,A3
2025-07-19T08:30:01.200000,4854c7,,,,,,,157.5,,A3
2025-07-19T08:30:01.200000,344216,,34000,,,,,25.7,,A3
2025-07-19T08:30:01.200000,4d224c,,,,,,,216.0,,A3
2025-07-19T08:30:01.200000,40768c,,,,,,,195.9,,A3
2025-07-19T08:30:01.200000,49514c,,,,,,,103.5,,A3
2025-07-19T08:30:01.200000,495151,,34000,454.7,45.6,,,61.1,,A3
2025-07-19T08:30:01.200000,39e692,,,,,,,195.3,,A3
2025-07-19T08:30:01.200000,485061,,,,,,,179.0,,A3
2025-07-19T08:30:01.200000,490036,,ground,0.0,,39.54911,-8.867952,2.5,,
2025-07-19T08:31:01.400000,346555,,31000,474.7,226.8,,,2.1,2606,
2025-07-19T08:31:01.400000,4952c8,TAP675,36975,435.5,215.8,,,6.5,3753,A3
2025-07-19T08:31:01.400000,495218,TAP48N,17475,372.2,64.9,39.078003,-8.50097,0.0,4714,A3
2025-07-19T08:31:01.400000,408032,,35025,446.1,196.8,40.698212,-7.617676,14.9,2242,
2025-07-19T08:31:01.400000,3451d4,VLG9ZP,33975,425.1,342.8,38.423584,-7.49799,1.3,4501,A3
2025-07-19T08:31:01.400000,4952cd,,35000,439.6,216.6,40.4263,-7.8927,4.8,0740,
2025-07-19T08:31:01.400000,440c38,EJU34YX,37050,457.4,192.2,40.113464,-7.082825,21.6,3741,A3
2025-07-19T08:31:01.400000,495290,TAP1030,27600,480.8,64.0,39.357822,-7.747375,0.0,4421,A3
2025-07-19T08:31:01.400000,40690a,EZY15WE,37025,463.7,184.9,39.984462,-7.403037,38.6,2216,A3
2025-07-19T08:31:01.400000,495275,AZU8002,11875,332.8,11.6,40.463159,-8.751796,0.8,4472,A5
2025-07-19T08:31:01.400000,40690c,,35025,474.0,185.6,39.704869,-7.414246,0.0,7502,A3
2025-07-19T08:31:01.400000,4951d4,TAP882,31800,454.4,64.4,39.538879,-7.270919,0.3,0520,A3
2025-07-19T08:31:01.400000,4912d5,RVP951,10000,192.8,213.4,39.807175,-8.759805,0.1,3276,A1
2025-07-19T08:31:01.400000,4cac54,RYR67BX,26900,370.4,215.1,39.682617,-8.365551,0.0,7545,A3
2025-07-19T08:31:01.400000,34764a,,40000,507.9,75.6,,,0.8,4445,A5
2025-07-19T08:31:01.400000,4d22ff,RYR5509,22125,400.4,332.2,40.233563,-8.089683,0.4,2616,A3
2025-07-19T08:31:01.400000,341682,,35000,451.3,214.7,,,44.6,2637,A3
2025-07-19T08:31:01.400000,49521a,,17425,370.0,64.9,,,2.5,4714,A3
2025-07-19T08:31:01.400000,4ca810,RYR95ZQ,33000,440.8,173.5,38.956588,-7.740784,0.0,4611,A3
2025-07-19T08:31:01.400000,4854c7,TRA44U,39000,458.8,192.5,39.61203,-7.18691,0.3,3751,A3
2025-07-19T08:31:01.400000,344216,,,,,,,85.8,,A3
2025-07-19T08:31:01.400000,4d224c,,,,,,,276.2,,A3
2025-07-19T08:31:01.400000,40768c,,,,,,,256.1,,A3
2025-07-19T08:31:01.400000,49514c,,,,,,,163.7,,A3
2025-07-19T08:31:01.400000,495151,,,,,,,121.3,,A3
2025-07-19T08:31:01.400000,39e692,,13775,,,38.904078,-9.154236,2.4,,A3
2025-07-19T08:31:01.400000,485061,,,,,,,239.1,,A3
2025-07-19T08:31:01.400000,490036,,ground,0.0,,39.549105,-8.867966,1.8,,
2025-07-19T08:32:00.500000,39d310,,37000,413.8,241.9,,,51.6,,
2025-07-19T08:32:00.500000,346555,IBE0105,31000,473.2,226.6,39.477905,-6.985275,0.8,2606,A5
2025-07-19T08:32:00.500000,4952c8,TAP675,36975,437.1,213.6,40.698387,-7.647733,5.0,3753,A3
2025-07-19T08:32:00.500000,495218,TAP48N,19800,380.7,65.0,39.121523,-8.38147,0.4,4714,A3
2025-07-19T08:32:00.500000,408032,,35000,446.1,196.8,40.583542,-7.663208,0.4,2242,
2025-07-19T08:32:00.500000,3451d4,VLG9ZP,34000,427.3,342.7,38.541733,-7.544562,0.1,4501,A3
2025-07-19T08:32:00.500000,4952cd,,35000,441.5,214.0,40.316391,-7.992554,0.8,0740,
2025-07-19T08:32:00.500000,440c38,,,,,,,80.7,,A3
2025-07-19T08:32:00.500000,495290,TAP1030,28725,501.4,64.1,39.42041,-7.582059,0.9,4421,A3
2025-07-19T08:32:00.500000,40690a,,,,,,,97.7,,A3
2025-07-19T08:32:00.500000,495275,AZU8002,10225,312.2,11.5,40.532009,-8.733382,11.9,4472,A5
2025-07-19T08:32:00.500000,40690c,EZY96FE,35050,471.3,185.6,39.57692,-7.4304,0.0,7502,A3
2025-07-19T08:32:00.500000,4951d4,TAP882,32700,460.2,64.4,39.580621,-7.158386,13.8,0520,A3
2025-07-19T08:32:00.500000,4912d5,RVP951,10000,192.2,213.1,39.763184,-8.797481,0.1,3276,A1
2025-07-19T08:32:00.500000,4cac54,RYR67BX,26375,351.3,232.1,39.620563,-8.462524,0.1,7545,A3
2025-07-19T08:32:00.500000,34764a,IBE3272,40000,507.9,75.6,,,0.1,4445,A5
2025-07-19T08:32:00.500000,4d22ff,RYR5509,20625,354.8,331.9,40.324814,-8.152649,0.4,2616,A3
2025-07-19T08:32:00.500000,341682,,,,,,,35.5,,A3
2025-07-19T08:32:00.500000,49521a,,17425,370.0,64.9,,,61.6,,A3
2025-07-19T08:32:00.500000,4ca810,RYR95ZQ,33000,440.8,173.5,38.838776,-7.723508,0.1,4611,A3
2025-07-19T08:32:00.500000,4854c7,TRA44U,39000,459.0,192.6,39.481934,-7.224108,0.7,3751,A3
2025-07-19T08:32:00.500000,344216,,,,,,,145.0,,A3
2025-07-19T08:32:00.500000,49514c,,,,,,,222.9,,A3
2025-07-19T08:32:00.500000,495151,,,,,,,180.4,,A3
2025-07-19T08:32:00.500000,39e692,,13775,,,38.904078,-9.154236,7.1,,A3
2025-07-19T08:32:00.500000,485061,,,,,,,298.3,,A3
2025-07-19T08:32:00.500000,490036,,ground,0.0,,39.549105,-8.867966,1.0,,
2025-07-19T08:33:00.700000,3c6496,EWG4Z,10725,340.4,87.3,,,0.3,,A3
2025-07-19T08:33:00.700000,39d310,,,,,,,111.8,,
2025-07-19T08:33:00.700000,346555,,31000,474.0,226.7,39.477905,-6.985275,0.9,,A5
2025-07-19T08:33:00.700000,4952c8,TAP675,37000,439.3,213.6,40.533778,-7.791804,0.1,3753,A3
2025-07-19T08:33:00.700000,495218,TAP48N,21750,395.0,65.0,39.167051,-8.255981,0.0,4714,A3
2025-07-19T08:33:00.700000,408032,EXS15V,34975,447.0,196.8,40.436737,-7.721191,0.1,2242,A3
2025-07-19T08:33:00.700000,3451d4,VLG9ZP,34000,428.0,342.9,38.652835,-7.588501,1.6,4501,A3
2025-07-19T08:33:00.700000,4952cd,TAP757P,35025,440.7,213.1,40.224289,-8.069519,0.1,0740,A3
2025-07-19T08:33:00.700000,440c38,,,,,,,140.9,,A3
2025-07-19T08:33:00.700000,495290,,29475,507.6,64.2,39.456985,-7.484854,24.2,4421,A3
2025-07-19T08:33:00.700000,40690a,EZY15WE,36975,468.8,185.0,39.644444,-7.441711,0.0,2216,A3
2025-07-19T08:33:00.700000,495275,,9775,294.2,11.8,40.631678,-8.706665,0.5,4472,A5
2025-07-19T08:33:00.700000,40690c,EZY96FE,35000,467.2,185.5,39.447575,-7.446655,0.1,7502,A3
2025-07-19T08:33:00.700000,4951d4,TAP882,33775,466.1,64.6,39.615646,-7.063373,10.7,,A3
2025-07-19T08:33:00.700000,4912d5,RVP951,10100,193.1,212.9,39.718369,-8.835144,0.3,3276,A1
2025-07-19T08:33:00.700000,4cac54,RYR67BX,25900,360.3,211.3,39.550964,-8.55017,0.2,7545,A3
2025-07-19T08:33:00.700000,34764a,IBE3272,40000,508.4,75.9,39.585323,-6.418396,8.2,4445,A5
2025-07-19T08:33:00.700000,4d22ff,RYR5509,18425,354.4,331.7,40.400499,-8.205851,7.4,2616,A3
2025-07-19T08:33:00.700000,341682,,,,,,,95.7,,A3
2025-07-19T08:33:00.700000,49521a,,,,,,,121.8,,A3
2025-07-19T08:33:00.700000,4ca810,,33000,440.8,173.5,38.775314,-7.714233,1.2,4611,A3
2025-07-19T08:33:00.700000,4854c7,TRA44U,39000,455.7,192.4,39.356007,-7.26001,0.1,3751,A3
2025-07-19T08:33:00.700000,344216,,,,,,,205.2,,A3
2025-07-19T08:33:00.700000,49514c,,,,,,,283.0,,A3
2025-07-19T08:33:00.700000,495151,,,,,,,240.6,,A3
2025-07-19T08:33:00.700000,39e692,,10450,,,,,19.5,,A3
2025-07-19T08:33:00.700000,490036,,ground,0.0,,39.54911,-8.867952,0.6,,
2025-07-19T08:34:00.900000,3c6496,EWG4Z,11150,346.4,87.2,,,36.2,5470,A3
2025-07-19T08:34:00.900000,39d310,,,,,,,172.0,,
2025-07-19T08:34:00.900000,346555,IBE0105,31000,471.8,226.5,39.302891,-7.223511,0.3,2606,A5
2025-07-19T08:34:00.900000,4952c8,TAP675,37000,439.3,213.6,40.437241,-7.875916,0.8,3753,A3
2025-07-19T08:34:00.900000,495218,TAP48N,23575,411.0,64.2,39.214645,-8.124449,0.0,4714,A3
2025-07-19T08:34:00.900000,408032,EXS15V,34975,448.9,196.7,40.316053,-7.76877,0.0,2242,A3
2025-07-19T08:34:00.900000,3451d4,VLG9ZP,34025,427.0,342.8,38.76875,-7.634338,0.1,4501,A3
2025-07-19T08:34:00.900000,4952cd,TAP757P,34725,438.5,213.2,40.110214,-8.166809,0.0,0740,A3
2025-07-19T08:34:00.900000,440c38,EJU34YX,37000,449.2,192.2,39.640487,-7.215942,0.1,3741,A3
2025-07-19T08:34:00.900000,495290,TAP1030,30925,498.7,64.2,39.543457,-7.253902,0.1,4421,A3
2025-07-19T08:34:00.900000,40690a,EZY15WE,36975,466.8,185.0,39.514069,-7.456612,0.1,2216,A3
2025-07-19T08:34:00.900000,495275,AZU8002,9375,264.2,11.4,40.667756,-8.697114,0.7,4472,A5
2025-07-19T08:34:00.900000,40690c,EZY96FE,34975,466.3,185.7,39.31517,-7.463299,0.0,7502,A3
2025-07-19T08:34:00.900000,4951d4,,,,,,,70.9,,A3
2025-07-19T08:34:00.900000,4912d5,RVP951,10000,193.3,213.6,39.673167,-8.873718,0.1,3276,A1
2025-07-19T08:34:00.900000,4cac54,RYR67BX,25450,359.5,211.3,39.465408,-8.617759,0.0,7545,A3
2025-07-19T08:34:00.900000,34764a,,,,,,,68.4,,A5
2025-07-19T08:34:00.900000,4d22ff,,18075,,,40.400499,-8.205851,48.8,,A3
2025-07-19T08:34:00.900000,341682,,,,,,,155.9,,A3
2025-07-19T08:34:00.900000,49521a,,,,,,,182.0,,A3
2025-07-19T08:34:00.900000,4ca810,,33000,440.0,173.3,38.696365,-7.70261,52.5,4611,A3
2025-07-19T08:34:00.900000,4854c7,TRA44U,39000,454.7,192.4,39.234179,-7.294617,0.1,3751,A3
2025-07-19T08:34:00.900000,344216,,,,,,,265.4,,A3
2025-07-19T08:34:00.900000,39e692,,,,,,,79.7,,A3
2025-07-19T08:34:00.900000,490036,,ground,0.0,,39.549105,-8.867966,0.1,,
2025-07-19T08:35:01.100000,34644b,,35000,430.6,237.7,39.488634,-6.496155,22.8,3760,
2025-07-19T08:35:01.100000,3c6496,,,,,,,96.4,,A3
2025-07-19T08:35:01.100000,39d310,,,,,,,232.2,,
2025-07-19T08:35:01.100000,346555,IBE0105,31200,481.0,226.3,39.20569,-7.355286,0.1,2606,A5
2025-07-19T08:35:01.100000,4952c8,TAP675,36150,438.8,213.5,40.33905,-7.961093,1.0,3753,A3
2025-07-19T08:35:01.100000,495218,TAP48N,25500,415.9,63.7,39.265411,-7.992793,0.8,4714,A3
2025-07-19T08:35:01.100000,408032,EXS15V,35025,448.9,196.7,40.19539,-7.815961,0.2,2242,A3
2025-07-19T08:35:01.100000,3451d4,VLG9ZP,34000,427.3,342.7,38.863449,-7.67198,1.2,4501,A3
2025-07-19T08:35:01.100000,4952cd,TAP757P,34200,438.0,213.1,40.011788,-8.250358,0.3,0740,A3
2025-07-19T08:35:01.100000,440c38,EJU34YX,37000,449.0,192.1,39.519824,-7.249695,0.5,3741,A3
2025-07-19T08:35:01.100000,495290,TAP1030,31950,497.8,64.4,39.603199,-7.093445,0.1,4421,A3
2025-07-19T08:35:01.100000,40690a,EZY15WE,36100,462.7,185.0,39.386359,-7.470825,0.3,2216,A3
2025-07-19T08:35:01.100000,495275,AZU8002,7400,237.7,11.4,40.758858,-8.67252,5.8,4472,A5
2025-07-19T08:35:01.100000,40690c,EZY96FE,34975,468.2,185.5,39.187348,-7.479309,0.0,7502,A3
2025-07-19T08:35:01.100000,4951d4,,,,,,,131.1,,A3
2025-07-19T08:35:01.100000,4912d5,RVP951,10000,193.1,212.9,39.628384,-8.911804,0.1,3276,A1
2025-07-19T08:35:01.100000,4cac54,RYR67BX,25000,355.3,211.2,39.38026,-8.684387,0.1,7545,A3
2025-07-19T08:35:01.100000,34764a,,,,,,,128.5,,A5
2025-07-19T08:35:01.100000,4d22ff,,,,,,,109.0,,A3
2025-07-19T08:35:01.100000,341682,,,,,,,216.1,,A3
2025-07-19T08:35:01.100000,49521a,,,,,,,242.2,,A3
2025-07-19T08:35:01.100000,4ca810,,33000,437.9,173.4,,,10.4,4611,A3
2025-07-19T08:35:01.100000,4854c7,TRA44U,39000,453.7,192.5,39.109699,-7.329956,0.0,3751,A3
2025-07-19T08:35:01.100000,39e692,,,,,,,139.8,,A3
2025-07-19T08:35:01.100000,490036,,ground,0.0,,39.549105,-8.867966,0.9,,
2025-07-19T08:36:01.300000,407688,,37000,424.0,221.1,,,1.1,2225,
2025-07-19T08:36:01.300000,495297,TAP1922,19750,384.9,14.9,39.485596,-8.863937,0.2,4416,A3
2025-07-19T08:36:01.300000,4952c6,,,,,,,25.3,,
2025-07-19T08:36:01.300000,34644b,,34975,,,,,4.0,,
2025-07-19T08:36:01.300000,3c6496,,,,,,,156.6,,A3
2025-07-19T08:36:01.300000,39d310,,,,,,,9.4,,
2025-07-19T08:36:01.300000,346555,IBE0105,32175,475.3,226.4,39.114354,-7.478271,0.0,2606,A5
2025-07-19T08:36:01.300000,4952c8,TAP675,35125,440.2,213.5,40.229978,-8.055288,0.0,3753,A3
2025-07-19T08:36:01.300000,495218,TAP48N,27150,425.3,63.9,39.317642,-7.855762,0.0,4714,A3
2025-07-19T08:36:01.300000,408032,EXS15V,35025,448.9,196.7,40.075518,-7.862778,0.2,2242,A3
2025-07-19T08:36:01.300000,3451d4,VLG9ZP,33975,428.3,342.7,38.99127,-7.7229,0.2,4501,A3
2025-07-19T08:36:01.300000,4952cd,TAP757P,33200,443.0,213.1,39.904083,-8.34137,0.2,0740,A3
2025-07-19T08:36:01.300000,440c38,EJU34YX,36975,450.1,192.2,39.403304,-7.281921,0.1,3741,A3
2025-07-19T08:36:01.300000,495290,TAP1030,32650,492.0,64.5,39.646586,-6.976196,16.9,4421,A3
2025-07-19T08:36:01.300000,40690a,EZY15WE,35125,460.7,185.0,39.259048,-7.485153,0.0,2216,A3
2025-07-19T08:36:01.300000,495275,,6125,224.8,11.8,40.837206,-8.651421,0.1,,A5
2025-07-19T08:36:01.300000,40690c,EZY96FE,35000,469.2,185.5,39.066452,-7.494385,0.1,7502,A3
2025-07-19T08:36:01.300000,4951d4,,,,,,,191.3,,A3
2025-07-19T08:36:01.300000,4912d5,RVP951,10000,193.6,213.2,39.583042,-8.94989,0.1,3276,A1
2025-07-19T08:36:01.300000,4cac54,RYR67BX,24600,345.0,221.6,39.305823,-8.746094,0.1,7545,A3
2025-07-19T08:36:01.300000,34764a,,,,,,,188.7,,A5
2025-07-19T08:36:01.300000,4d22ff,,,,,,,169.2,,A3
2025-07-19T08:36:01.300000,341682,,,,,,,276.3,,A3
2025-07-19T08:36:01.300000,4ca810,RYR95ZQ,33000,,,,,5.4,4611,A3
2025-07-19T08:36:01.300000,4854c7,TRA44U,39000,453.5,192.4,39.018127,-7.355824,3.1,3751,A3
2025-07-19T08:36:01.300000,39e692,,,,,,,200.0,,A3
2025-07-19T08:36:01.300000,490036,,ground,0.0,,39.54911,-8.867952,0.0,,
2025-07-19T08:37:01.400000,407688,EZY24HZ,37000,426.7,221.0,40.806747,-8.522034,0.7,2225,
2025-07-19T08:37:01.400000,495297,TAP1922,21625,393.2,14.9,39.589932,-8.828064,0.3,4416,A3
2025-07-19T08:37:01.400000,4cafd1,RYR4VV,36000,418.0,342.2,38.452148,-7.46933,0.4,2671,A3
2025-07-19T08:37:01.400000,4952c6,,,,,,,85.5,,
2025-07-19T08:37:01.400000,34644b,,,,,,,64.2,,
2025-07-19T08:37:01.400000,3c6496,,,,,,,216.8,,A3
2025-07-19T08:37:01.400000,39d310,,37000,,,,,56.4,,
2025-07-19T08:37:01.400000,346555,IBE0105,32275,478.1,226.4,39.087354,-7.514648,35.3,2606,A5
2025-07-19T08:37:01.400000,4952c8,TAP675,34175,441.0,213.4,40.127106,-8.143982,0.0,3753,A3
2025-07-19T08:37:01.400000,495218,TAP48N,28950,424.9,64.0,39.369415,-7.719329,0.0,4714,A3
2025-07-19T08:37:01.400000,408032,EXS15V,35000,448.0,196.7,39.955693,-7.909407,0.1,2242,A3
2025-07-19T08:37:01.400000,3451d4,,34000,428.6,342.6,39.098573,-7.765869,6.4,4501,A3
2025-07-19T08:37:01.400000,4952cd,TAP757P,32225,440.7,213.1,39.801315,-8.428365,0.1,0740,A3
2025-07-19T08:37:01.400000,440c38,EJU34YX,37000,452.8,191.3,39.276821,-7.316589,0.1,3741,A3
2025-07-19T08:37:01.400000,495290,,,,,,,77.0,,A3
2025-07-19T08:37:01.400000,40690a,EZY15WE,35000,466.7,184.9,39.128815,-7.499781,0.0,2216,A3
2025-07-19T08:37:01.400000,495275,AZU8002,5375,202.2,11.7,40.894089,-8.636047,0.3,4472,A5
2025-07-19T08:37:01.400000,40690c,,35025,469.2,185.5,39.066452,-7.494385,1.6,,A3
2025-07-19T08:37:01.400000,4951d4,,,,,,,251.4,,A3
2025-07-19T08:37:01.400000,4912d5,RVP951,10000,194.4,213.0,39.541718,-8.984846,2.7,3276,A1
2025-07-19T08:37:01.400000,4cac54,,24600,344.1,221.9,39.305823,-8.746094,57.4,,A3
2025-07-19T08:37:01.400000,34764a,,,,,,,248.9,,A5
2025-07-19T08:37:01.400000,4d22ff,,,,,,,229.4,,A3
2025-07-19T08:37:01.400000,4ca810,,,,,,,65.6,,A3
2025-07-19T08:37:01.400000,4854c7,,39000,,,,,50.1,,A3
2025-07-19T08:37:01.400000,39e692,,,,,,,260.2,,A3
2025-07-19T08:37:01.400000,490036,,ground,0.0,,39.54911,-8.867952,1.0,,
2025-07-19T08:38:01.600000,4951d5,TAP430,17900,369.9,46.0,39.220642,-8.601758,0.2,4711,A3
2025-07-19T08:38:01.600000,407688,EZY24HZ,37000,427.5,220.9,40.71361,-8.628325,0.1,2225,A3
2025-07-19T08:38:01.600000,495297,TAP1922,23200,407.8,14.9,39.698259,-8.79071,0.0,4416,A3
2025-07-19T08:38:01.600000,4cafd1,RYR4VV,36000,418.7,341.9,38.537292,-7.504456,3.8,2671,A3
2025-07-19T08:38:01.600000,4952c6,,,,,,,145.7,,
2025-07-19T08:38:01.600000,34644b,IBS1501,35000,430.7,243.4,39.307173,-6.998291,0.4,3760,A3
2025-07-19T08:38:01.600000,3c6496,,,,,,,277.0,,A3
2025-07-19T08:38:01.600000,39d310,,37000,426.3,228.0,,,0.1,,
2025-07-19T08:38:01.600000,346555,IBE0105,33000,479.5,226.2,38.929681,-7.72583,0.7,2606,A5
2025-07-19T08:38:01.600000,4952c8,TAP675,33200,444.0,213.3,40.024031,-8.232255,0.0,3753,A3
2025-07-19T08:38:01.600000,495218,TAP48N,30450,428.0,64.1,39.421555,-7.581163,0.0,4714,A3
2025-07-19T08:38:01.600000,408032,EXS15V,35000,448.9,196.7,39.857467,-7.947449,0.2,2242,A3
2025-07-19T08:38:01.600000,3451d4,VLG9ZP,34000,427.6,342.6,39.221191,-7.815041,0.0,4501,A3
2025-07-19T08:38:01.600000,4952cd,TAP757P,31275,435.5,212.8,39.70026,-8.513123,0.0,0740,A3
2025-07-19T08:38:01.600000,440c38,EJU34YX,37025,455.6,191.1,39.149094,-7.34848,0.1,3741,A3
2025-07-19T08:38:01.600000,495290,,,,,,,137.2,,A3
2025-07-19T08:38:01.600000,40690a,EZY15WE,35000,463.7,184.9,39.037682,-7.509827,17.6,2216,A3
2025-07-19T08:38:01.600000,495275,AZU8002,4750,178.9,11.9,40.937485,-8.62439,9.5,4472,A5
2025-07-19T08:38:01.600000,40690c,EZY96FE,35025,468.2,185.5,38.810532,-7.526053,0.3,7502,A3
2025-07-19T08:38:01.600000,4912d5,RVP951,10000,194.4,213.0,39.505096,-9.015536,17.2,3276,A1
2025-07-19T08:38:01.600000,4cac54,,,,,,,117.6,,A3
2025-07-19T08:38:01.600000,4d22ff,,,,,,,289.6,,A3
2025-07-19T08:38:01.600000,4ca810,,,,,,,125.8,,A3
2025-07-19T08:38:01.600000,4854c7,TRA44U,39000,454.8,191.3,38.738434,-7.434281,0.0,3751,A3
2025-07-19T08:38:01.600000,490036,,ground,0.0,,39.54911,-8.867952,0.2,,
2025-07-19T08:39:00.800000,495293,,24000,,,,,2.6,4416,
2025-07-19T08:39:00.800000,4951d5,TAP430,19100,403.1,46.2,39.295209,-8.502075,0.1,4711,A3
2025-07-19T08:39:00.800000,407688,EZY24HZ,37000,428.2,220.8,40.630374,-8.722895,0.7,2225,A3
2025-07-19T08:39:00.800000,495297,TAP1922,24000,426.4,14.9,39.809097,-8.752282,0.0,4416,A3
2025-07-19T08:39:00.800000,4cafd1,RYR4VV,36000,421.2,342.2,38.658515,-7.554321,6.4,2671,A3
2025-07-19T08:39:00.800000,4952c6,,,,,,,204.8,,
2025-07-19T08:39:00.800000,34644b,IBS1501,35050,433.0,237.4,39.250671,-7.137173,0.1,3760,A3
2025-07-19T08:39:00.800000,39d310,,37000,426.8,227.4,,,0.0,6756,
2025-07-19T08:39:00.800000,346555,IBE0105,33000,480.2,226.1,38.83788,-7.848083,0.1,2606,A5
2025-07-19T08:39:00.800000,4952c8,TAP675,32225,442.7,213.3,39.921661,-8.319636,0.0,3753,A3
2025-07-19T08:39:00.800000,495218,TAP48N,31725,420.0,64.2,39.458954,-7.48163,12.0,4714,A3
2025-07-19T08:39:00.800000,408032,EXS15V,35000,445.5,196.6,39.718183,-8.001282,0.0,2242,A3
2025-07-19T08:39:00.800000,3451d4,VLG9ZP,34000,429.8,342.5,39.333662,-7.860352,0.2,4501,A3
2025-07-19T08:39:00.800000,4952cd,TAP757P,30250,428.8,212.9,39.599289,-8.597412,0.1,0740,A3
2025-07-19T08:39:00.800000,440c38,EJU34YX,37050,454.8,191.3,39.031723,-7.378334,2.1,3741,A3
2025-07-19T08:39:00.800000,495290,,,,,,,196.4,,A3
2025-07-19T08:39:00.800000,40690a,,35000,461.7,185.0,38.876332,-7.527649,1.1,,A3
2025-07-19T08:39:00.800000,495275,AZU8002,3825,183.8,350.0,40.990083,-8.613406,1.0,4472,A5
2025-07-19T08:39:00.800000,40690c,EZY96FE,34700,467.2,185.5,38.688721,-7.541159,8.5,7502,A3
2025-07-19T08:39:00.800000,4912d5,RVP951,9600,203.9,213.0,39.460098,-9.052854,16.8,3276,A1
2025-07-19T08:39:00.800000,4cac54,,,,,,,176.7,,A3
2025-07-19T08:39:00.800000,4ca810,,,,,,,184.9,,A3
2025-07-19T08:39:00.800000,4854c7,TRA44U,39000,455.8,187.4,38.620016,-7.454651,2.8,3751,A3
2025-07-19T08:39:00.800000,490036,,ground,0.0,,39.549105,-8.867966,2.9,,
2025-07-19T08:40:01,4cae54,,26075,,,,,35.1,,
2025-07-19T08:40:01,495293,,16475,402.6,64.7,39.043213,-8.591189,0.0,3345,
2025-07-19T08:40:01,4951d5,TAP430,21025,409.4,44.3,39.375687,-8.401018,0.0,4711,A3
2025-07-19T08:40:01,407688,EZY24HZ,37025,429.0,220.7,40.545639,-8.819214,0.0,2225,A3
2025-07-19T08:40:01,495297,TAP1922,23550,409.0,15.0,39.92278,-8.71272,0.0,4416,A3
2025-07-19T08:40:01,4cafd1,RYR4VV,36000,422.5,342.1,38.786394,-7.606873,0.0,2671,A3
2025-07-19T08:40:01,4952c6,,20900,336.6,259.6,,,7.0,1153,
2025-07-19T08:40:01,34644b,IBS1501,35025,443.8,217.3,39.168228,-7.249603,0.1,3760,A3
2025-07-19T08:40:01,39d310,TVF68ZE,37000,426.1,227.5,40.872306,-6.727753,1.6,6756,A3
2025-07-19T08:40:01,346555,IBE0105,33000,481.6,226.1,38.766815,-7.942399,12.4,2606,A5
2025-07-19T08:40:01,4952c8,TAP675,31250,431.8,213.3,39.819667,-8.406616,0.0,3753,A3
2025-07-19T08:40:01,495218,,32775,435.2,64.3,39.517319,-7.325731,6.2,,A3
2025-07-19T08:40:01,408032,EXS15V,35000,443.3,196.5,39.599987,-8.046753,0.0,2242,A3
2025-07-19T08:40:01,3451d4,VLG9ZP,34000,431.7,342.6,39.449716,-7.907227,0.0,4501,A3
2025-07-19T08:40:01,4952cd,TAP757P,28600,420.2,212.9,39.499853,-8.680481,0.1,0740,A3
2025-07-19T08:40:01,440c38,EJU34YX,37050,454.8,191.3,39.013662,-7.382935,31.2,3741,A3
2025-07-19T08:40:01,495290,,,,,,,256.6,,A3
2025-07-19T08:40:01,40690a,EZY15WE,34500,459.7,185.0,38.74649,-7.542234,0.2,2216,A3
2025-07-19T08:40:01,495275,,3825,183.8,350.0,40.990083,-8.613406,61.2,,A5
2025-07-19T08:40:01,40690c,EZY96FE,32225,466.2,185.5,38.541203,-7.559448,0.0,7502,A3
2025-07-19T08:40:01,4912d5,,9300,,,,,19.5,,A1
2025-07-19T08:40:01,4cac54,,,,,,,236.9,,A3
2025-07-19T08:40:01,4ca810,,,,,,,245.1,,A3
2025-07-19T08:40:01,4854c7,TRA44U,39000,456.8,187.4,38.488907,-7.476375,0.1,3751,A3
2025-07-19T08:40:01,490036,,ground,0.0,,39.54911,-8.867952,0.1,,
2025-07-19T08:41:01.100000,3455d5,,32000,523.8,121.4,,,21.9,3735,
2025-07-19T08:41:01.100000,4cae54,,28325,421.4,355.4,,,16.0,,
2025-07-19T08:41:01.100000,495293,TAP1010,18950,415.2,64.9,39.090659,-8.46167,0.1,3345,A3
2025-07-19T08:41:01.100000,4951d5,TAP430,22700,423.6,44.5,39.45926,-8.29541,0.2,4711,A3
2025-07-19T08:41:01.100000,407688,,37025,429.0,220.7,40.545639,-8.819214,38.7,2225,A3
2025-07-19T08:41:01.100000,495297,TAP1922,22550,401.7,15.0,40.031525,-8.674927,0.1,4416,A3
2025-07-19T08:41:01.100000,4cafd1,RYR4VV,36000,423.8,342.0,38.898834,-7.653411,0.1,2671,A3
2025-07-19T08:41:01.100000,4952c6,,20900,,,,,67.2,,
2025-07-19T08:41:01.100000,34644b,IBS1501,35025,449.9,207.0,39.080231,-7.31366,0.3,3760,A3
2025-07-19T08:41:01.100000,39d310,TVF68ZE,37000,429.6,227.5,40.764491,-6.883309,0.8,6756,A3
2025-07-19T08:41:01.100000,346555,,33625,484.4,225.9,38.659561,-8.084266,0.9,2606,A5
2025-07-19T08:41:01.100000,4952c8,TAP675,30225,444.9,213.3,39.718695,-8.492493,0.1,3753,A3
2025-07-19T08:41:01.100000,495218,,33400,450.4,64.3,39.56868,-7.187686,0.7,,A3
2025-07-19T08:41:01.100000,408032,EXS15V,34975,440.4,196.6,39.482582,-8.091492,0.0,2242,A3
2025-07-19T08:41:01.100000,3451d4,VLG9ZP,34025,429.8,342.5,39.562559,-7.953003,0.1,4501,A3
2025-07-19T08:41:01.100000,4952cd,TAP757P,26375,408.9,212.7,39.403564,-8.760582,0.2,0740,A3
2025-07-19T08:41:01.100000,440c38,,34300,438.5,191.3,,,0.2,,A3
2025-07-19T08:41:01.100000,40690a,EZY15WE,33500,459.7,184.9,38.645992,-7.553345,6.0,2216,A3
2025-07-19T08:41:01.100000,495275,,,,,,,121.4,,A5
2025-07-19T08:41:01.100000,40690c,EZY96FE,29950,468.1,185.4,38.4104,-7.57519,0.2,7502,A3
2025-07-19T08:41:01.100000,4912d5,,,,,,,79.7,,A1
2025-07-19T08:41:01.100000,4cac54,,,,,,,297.1,,A3
2025-07-19T08:41:01.100000,4854c7,TRA44U,39000,456.8,187.4,38.400243,-7.491123,2.6,3751,A3
2025-07-19T08:41:01.100000,490036,,ground,0.0,,39.549105,-8.867966,0.0,,
2025-07-19T08:42:01.300000,39d318,,,456.5,192.9,,,17.8,,
2025-07-19T08:42:01.300000,4d22b3,,37000,424.0,253.5,,,7.4,5204,
2025-07-19T08:42:01.300000,3455d5,,,,,,,82.0,,
2025-07-19T08:42:01.300000,39d30d,,,,,,,18.7,,
2025-07-19T08:42:01.300000,4cae54,RYR4D,29800,432.4,355.4,38.541183,-8.243388,1.5,5461,
2025-07-19T08:42:01.300000,495293,TAP1010,21200,434.0,65.2,39.143728,-8.31604,0.2,3345,A3
2025-07-19T08:42:01.300000,4951d5,TAP430,24300,432.8,44.6,39.543961,-8.18786,0.0,4711,A3
2025-07-19T08:42:01.300000,407688,,,,,,,98.9,,A3
2025-07-19T08:42:01.300000,495297,TAP1922,21025,387.2,6.1,40.136124,-8.643677,0.2,4416,A3
2025-07-19T08:42:01.300000,4cafd1,RYR4VV,36000,423.8,342.0,38.995377,-7.693475,7.3,2671,A3
2025-07-19T08:42:01.300000,4952c6,,,,,,,127.4,,
2025-07-19T08:42:01.300000,34644b,,35025,,,39.036332,-7.342712,42.3,3760,A3
2025-07-19T08:42:01.300000,39d310,TVF68ZE,37000,431.0,227.4,40.68837,-6.991821,1.0,6756,A3
2025-07-19T08:42:01.300000,346555,,33975,484.4,225.9,38.659561,-8.084266,21.8,2606,A5
2025-07-19T08:42:01.300000,4952c8,TAP675,28200,430.8,213.1,39.616379,-8.578949,0.0,3753,A3
2025-07-19T08:42:01.300000,495218,TAP48N,34000,459.8,64.5,39.622751,-7.04187,3.3,4714,A3
2025-07-19T08:42:01.300000,408032,EXS15V,34950,440.4,196.6,39.364246,-8.136963,0.1,2242,A3
2025-07-19T08:42:01.300000,3451d4,VLG9ZP,34000,431.1,342.4,39.678131,-8.000077,0.3,4501,A3
2025-07-19T08:42:01.300000,4952cd,TAP757P,25400,392.2,212.7,39.362228,-8.794794,2.6,0740,A3
2025-07-19T08:42:01.300000,440c38,EJU34YX,32525,421.9,191.1,38.668942,-7.469849,1.5,3741,A3
2025-07-19T08:42:01.300000,40690a,EZY15WE,31425,443.5,184.8,38.533475,-7.565552,4.6,2216,A3
2025-07-19T08:42:01.300000,495275,,,,,,,181.6,,A5
2025-07-19T08:42:01.300000,40690c,EZY96FE,21775,467.1,185.4,38.397775,-7.576685,14.5,7502,A3
2025-07-19T08:42:01.300000,4912d5,,,,,,,139.9,,A1
2025-07-19T08:42:01.300000,4854c7,TRA44U,39000,451.9,187.5,38.255814,-7.515291,1.4,3751,A3
2025-07-19T08:42:01.300000,490036,,ground,0.0,,39.549105,-8.867966,0.3,,
2025-07-19T08:43:01.500000,4d22ff,,6675,,,40.860077,-8.625977,0.0,,
2025-07-19T08:43:01.500000,45ab4e,,37000,458.4,193.9,,,0.3,3737,
2025-07-19T08:43:01.500000,39d318,,37000,456.0,192.8,,,13.8,7667,
2025-07-19T08:43:01.500000,4d22b3,RYR207E,37000,432.0,243.3,39.482803,-6.542,3.5,5204,
2025-07-19T08:43:01.500000,3455d5,,,,,,,142.2,,
2025-07-19T08:43:01.500000,39d30d,TVF48AC,17675,379.9,46.6,39.201872,-8.637085,0.3,4721,A3
2025-07-19T08:43:01.500000,4cae54,RYR4D,30900,439.4,355.4,38.652044,-8.2547,1.0,5461,A3
2025-07-19T08:43:01.500000,495293,TAP1010,23425,444.0,65.8,39.193726,-8.172791,0.3,3345,A3
2025-07-19T08:43:01.500000,4951d5,TAP430,25750,442.7,44.6,39.630981,-8.077041,0.3,4711,A3
2025-07-19T08:43:01.500000,407688,,,,,,,159.1,,A3
2025-07-19T08:43:01.500000,495297,TAP1922,18250,382.1,1.5,40.24548,-8.638437,0.2,4416,A3
2025-07-19T08:43:01.500000,4cafd1,,36000,,,39.036891,-7.710693,0.4,2671,A3
2025-07-19T08:43:01.500000,4952c6,,,,,,,187.5,,
2025-07-19T08:43:01.500000,34644b,,35025,,,,,5.2,,A3
2025-07-19T08:43:01.500000,39d310,TVF68ZE,37000,433.1,227.4,40.625336,-7.081909,0.4,6756,A3
2025-07-19T08:43:01.500000,346555,,34425,,,,,17.5,,A5
2025-07-19T08:43:01.500000,4952c8,TAP675,25925,416.3,213.0,39.517685,-8.662003,0.2,3753,A3
2025-07-19T08:43:01.500000,495218,,,,,,,63.4,,A3
2025-07-19T08:43:01.500000,408032,EXS15V,35000,444.2,196.5,39.247354,-8.181519,0.0,2242,A3
2025-07-19T08:43:01.500000,3451d4,VLG9ZP,34000,429.8,342.5,39.793442,-8.047127,0.1,4501,A3
2025-07-19T08:43:01.500000,4952cd,,24050,392.2,212.7,,,56.1,0740,A3
2025-07-19T08:43:01.500000,440c38,EJU34YX,30875,410.7,191.1,38.570717,-7.494263,3.9,3741,A3
2025-07-19T08:43:01.500000,40690a,EZY15WE,29425,431.6,184.9,38.422943,-7.577462,23.3,2216,A3
2025-07-19T08:43:01.500000,495275,,,,,,,241.8,,A5
2025-07-19T08:43:01.500000,40690c,,,,,,,74.6,,A3
2025-07-19T08:43:01.500000,4912d5,,,,,,,200.0,,A1
2025-07-19T08:43:01.500000,4854c7,,39000,450.7,187.4,38.175442,-7.52856,10.1,3751,A3
2025-07-19T08:43:01.500000,490036,,ground,0.0,,39.54911,-8.867952,4.3,,
2025-07-19T08:44:01.700000,ad727c,,27425,465.3,272.0,,,22.3,2647,
2025-07-19T08:44:01.700000,a9fa04,AMX020,31000,481.1,234.0,39.549105,-6.391235,30.5,,A5
2025-07-19T08:44:01.700000,4951d7,,37000,425.6,216.3,,,0.5,,
2025-07-19T08:44:01.700000,4d22ff,RYR5509,6025,221.8,9.1,40.919312,-8.624878,0.0,2616,A3
2025-07-19T08:44:01.700000,45ab4e,JTD563,37000,458.4,193.9,40.87901,-6.749101,8.6,3737,A3
2025-07-19T08:44:01.700000,39d318,,,,,,,74.0,,
2025-07-19T08:44:01.700000,4d22b3,RYR207E,37000,432.0,243.3,39.482803,-6.542,4.0,0502,
2025-07-19T08:44:01.700000,3455d5,,,,,,,202.4,,
2025-07-19T08:44:01.700000,39d30d,TVF48AC,19950,394.7,46.6,39.276635,-8.5354,0.2,4721,A3
2025-07-19T08:44:01.700000,4cae54,RYR4D,32275,445.5,355.4,38.800003,-8.269899,0.1,5461,A3
2025-07-19T08:44:01.700000,495293,TAP1010,24975,453.4,65.6,39.234692,-8.056335,10.8,3345,A3
2025-07-19T08:44:01.700000,4951d5,TAP430,26925,454.0,44.6,39.713668,-7.971375,4.0,4711,A3
2025-07-19T08:44:01.700000,407688,,,,,,,219.3,,A3
2025-07-19T08:44:01.700000,495297,TAP1922,16000,369.1,1.6,40.34967,-8.634766,0.7,4416,A3
2025-07-19T08:44:01.700000,4cafd1,RYR4VV,36000,420.9,341.9,39.233643,-7.792949,0.1,2671,A3
2025-07-19T08:44:01.700000,4952c6,,,,,,,247.7,,
2025-07-19T08:44:01.700000,34644b,IBS1501,34975,444.5,206.7,38.726015,-7.544189,0.0,3760,A3
2025-07-19T08:44:01.700000,39d310,TVF68ZE,37000,435.2,227.1,40.531683,-7.215146,1.1,6756,A3
2025-07-19T08:44:01.700000,346555,,,,,,,77.7,,A5
2025-07-19T08:44:01.700000,4952c8,TAP675,23600,399.7,213.1,39.422204,-8.742188,0.0,3753,A3
2025-07-19T08:44:01.700000,495218,,,,,,,123.6,,A3
2025-07-19T08:44:01.700000,408032,EXS15V,35050,447.1,196.4,39.126938,-8.227207,0.0,2242,A3
2025-07-19T08:44:01.700000,3451d4,VLG9ZP,34000,429.8,342.5,39.904907,-8.092744,0.0,4501,A3
2025-07-19T08:44:01.700000,4952cd,,,,,,,116.3,,A3
2025-07-19T08:44:01.700000,440c38,EJU34YX,29200,398.5,191.1,38.469233,-7.519714,10.4,3741,A3
2025-07-19T08:44:01.700000,40690a,,,,,,,83.4,,A3
2025-07-19T08:44:01.700000,40690c,,,,,,,134.8,,A3
2025-07-19T08:44:01.700000,4912d5,,,,,,,260.2,,A1
2025-07-19T08:44:01.700000,4854c7,,,,,,,70.3,,A3
2025-07-19T08:44:01.700000,490036,,ground,0.0,,39.54911,-8.867952,0.4,,
2025-07-19T08:45:01.900000,484aa1,,37000,441.9,194.4,,,42.5,3730,
2025-07-19T08:45:01.900000,ad727c,AMX035,28450,470.2,271.8,40.581122,-6.19991,17.0,2647,
2025-07-19T08:45:01.900000,a9fa04,,31000,476.0,245.7,,,20.2,2604,A5
2025-07-19T08:45:01.900000,4951d7,TAP441,37000,425.6,216.3,,,0.0,7653,A3
2025-07-19T08:45:01.900000,4d22ff,RYR5509,4850,207.3,8.6,40.978775,-8.61377,0.2,2616,A3
2025-07-19T08:45:01.900000,45ab4e,JTD563,37000,461.5,193.9,40.716568,-6.801575,1.4,3737,A3
2025-07-19T08:45:01.900000,39d318,,37000,456.3,192.8,,,0.9,,
2025-07-19T08:45:01.900000,4d22b3,,,,,,,64.2,,
2025-07-19T08:45:01.900000,3455d5,,,,,,,262.6,,
2025-07-19T08:45:01.900000,39d30d,TVF48AC,22150,404.5,44.0,39.354675,-8.436246,0.0,4721,A3
2025-07-19T08:45:01.900000,4cae54,RYR4D,33475,445.5,355.4,38.920486,-8.282497,0.1,5461,A3
2025-07-19T08:45:01.900000,495293,TAP1010,27250,466.4,65.7,39.297958,-7.876242,0.0,3345,A3
2025-07-19T08:45:01.900000,4951d5,,37000,454.0,44.6,39.713668,-7.971375,5.8,4711,A3
2025-07-19T08:45:01.900000,407688,,,,,,,279.5,,A3
2025-07-19T08:45:01.900000,495297,TAP1922,27075,352.1,1.6,40.388256,-8.633381,6.5,4416,A3
2025-07-19T08:45:01.900000,4cafd1,RYR4VV,36000,420.6,342.0,39.342693,-7.838867,0.0,2671,A3
2025-07-19T08:45:01.900000,34644b,IBS1501,34975,444.1,206.9,38.65749,-7.588562,1.4,3760,A3
2025-07-19T08:45:01.900000,39d310,TVF68ZE,37000,433.8,227.1,40.437698,-7.347473,0.1,6756,A3
2025-07-19T08:45:01.900000,346555,,,,,,,137.9,,A5
2025-07-19T08:45:01.900000,4952c8,TAP675,22100,393.9,213.1,39.363602,-8.791391,22.1,3753,A3
2025-07-19T08:45:01.900000,495218,,,,,,,183.8,,A3
2025-07-19T08:45:01.900000,408032,EXS15V,35025,448.4,196.5,39.007424,-8.272339,0.0,2242,A3
2025-07-19T08:45:01.900000,3451d4,VLG9ZP,34000,430.1,342.4,40.021362,-8.140686,0.1,4501,A3
2025-07-19T08:45:01.900000,4952cd,,,,,,,176.5,,A3
2025-07-19T08:45:01.900000,440c38,,,,,,,70.6,,A3
2025-07-19T08:45:01.900000,40690a,,,,,,,143.6,,A3
2025-07-19T08:45:01.900000,40690c,,,,,,,195.0,,A3
2025-07-19T08:45:01.900000,4854c7,,,,,,,130.5,,A3
2025-07-19T08:45:01.900000,490036,,ground,0.0,,39.54911,-8.867952,1.0,,
2025-07-19T08:46:01,49514b,TAP1240,16750,382.0,46.5,39.185672,-8.656799,0.2,5467,A3
2025-07-19T08:46:01,484aa1,,,,,,,101.6,,
2025-07-19T08:46:01,ad727c,,29075,477.0,269.9,40.583263,-6.332932,29.8,2647,
2025-07-19T08:46:01,a9fa04,AMX020,32200,474.1,242.9,,,21.1,2604,A5
2025-07-19T08:46:01,4951d7,TAP441,37000,427.2,216.1,40.617416,-7.717102,1.0,7653,A3
2025-07-19T08:46:01,4d22ff,,4850,207.3,8.6,40.978775,-8.61377,13.7,,A3
2025-07-19T08:46:01,45ab4e,JTD563,37000,462.0,193.6,40.651136,-6.822572,0.6,3737,A3
2025-07-19T08:46:01,39d318,TVF33FD,37000,456.3,192.8,,,1.0,6756,A3
2025-07-19T08:46:01,4d22b3,,34900,428.4,243.1,39.318579,-6.96228,0.3,5204,
2025-07-19T08:46:01,39d30d,TVF48AC,24000,420.7,44.7,39.435564,-8.334351,0.0,4721,A3
2025-07-19T08:46:01,4cae54,RYR4D,34000,448.4,355.4,39.045969,-8.295471,0.1,5461,A3
2025-07-19T08:46:01,495293,TAP1010,29425,464.6,65.9,39.349869,-7.727568,0.2,3345,A3
2025-07-19T08:46:01,4951d5,,37000,,,,,64.9,,A3
2025-07-19T08:46:01,495297,,13250,,,,,1.4,,A3
2025-07-19T08:46:01,4cafd1,RYR4VV,36000,420.9,341.9,39.454193,-7.885676,0.0,2671,A3
2025-07-19T08:46:01,34644b,IBS1501,35000,445.9,206.8,38.510742,-7.682787,0.7,3760,A3
2025-07-19T08:46:01,39d310,TVF68ZE,37000,438.7,227.0,40.355804,-7.462646,0.2,6756,A3
2025-07-19T08:46:01,346555,,,,,,,197.0,,A5
2025-07-19T08:46:01,4952c8,,20950,386.1,212.9,,,51.8,3753,A3
2025-07-19T08:46:01,495218,,,,,,,243.0,,A3
2025-07-19T08:46:01,408032,EXS15V,35000,448.1,196.3,38.91449,-8.307276,4.1,2242,A3
2025-07-19T08:46:01,3451d4,VLG9ZP,34000,427.9,342.5,40.132312,-8.1865,0.1,4501,A3
2025-07-19T08:46:01,4952cd,,,,,,,235.6,,A3
2025-07-19T08:46:01,440c38,,,,,,,129.7,,A3
2025-07-19T08:46:01,40690a,,,,,,,202.8,,A3
2025-07-19T08:46:01,40690c,,,,,,,254.2,,A3
2025-07-19T08:46:01,4854c7,,,,,,,189.6,,A3
2025-07-19T08:46:01,490036,,ground,0.0,,39.549105,-8.867966,0.0,,
2025-07-19T08:47:00.200000,440cf8,EJU38ZX,37000,440.4,222.1,40.939016,-8.389497,0.2,1127,
2025-07-19T08:47:00.200000,3c6496,,29325,506.0,76.6,,,46.7,5470,
2025-07-19T08:47:00.200000,4ac98a,,37000,441.4,241.0,,,12.2,2615,A3
2025-07-19T08:47:00.200000,49514b,TAP1240,18700,396.8,46.5,39.259003,-8.557633,0.1,5467,A3
2025-07-19T08:47:00.200000,484aa1,,,,,,,160.8,,
2025-07-19T08:47:00.200000,ad727c,,30725,477.4,267.7,40.576932,-6.576566,8.1,2647,
2025-07-19T08:47:00.200000,a9fa04,,,,,,,80.2,,A5
2025-07-19T08:47:00.200000,4951d7,TAP441,36975,428.6,216.2,40.512222,-7.81781,0.1,7653,A3
2025-07-19T08:47:00.200000,4d22ff,,,,,,,72.9,,A3
2025-07-19T08:47:00.200000,45ab4e,JTD563,37000,465.4,193.8,40.435501,-6.891724,0.9,3737,A3
2025-07-19T08:47:00.200000,39d318,,37000,457.5,192.9,40.712723,-6.863098,0.6,6756,A3
2025-07-19T08:47:00.200000,4d22b3,RYR207E,32200,433.8,243.1,39.268209,-7.089783,1.6,5204,A3
2025-07-19T08:47:00.200000,39d30d,TVF48AC,25975,429.2,44.7,39.519591,-8.22699,0.1,4721,A3
2025-07-19T08:47:00.200000,4cae54,RYR4D,34800,446.4,355.5,39.166534,-8.307873,0.0,5461,A3
2025-07-19T08:47:00.200000,495293,TAP1010,31150,462.0,66.0,39.391342,-7.608331,1.5,3345,A3
2025-07-19T08:47:00.200000,4951d5,,30825,474.5,44.9,39.97692,-7.632315,0.9,4711,A3
2025-07-19T08:47:00.200000,495297,,11675,313.1,1.6,,,22.0,4416,A3
2025-07-19T08:47:00.200000,4cafd1,RYR4VV,34625,405.7,342.1,39.563956,-7.931702,0.0,2671,A3
2025-07-19T08:47:00.200000,34644b,IBS1501,35000,447.4,208.0,38.397812,-7.755822,0.1,3760,A3
2025-07-19T08:47:00.200000,39d310,TVF68ZE,37000,435.8,226.9,40.274689,-7.576172,0.1,6756,A3
2025-07-19T08:47:00.200000,346555,,,,,,,256.1,,A5
2025-07-19T08:47:00.200000,4952c8,,18275,,,,,30.2,,A3
2025-07-19T08:47:00.200000,408032,EXS15V,35000,448.1,196.3,38.785446,-8.355759,4.0,2242,A3
2025-07-19T08:47:00.200000,3451d4,VLG9ZP,34000,427.0,342.4,40.243851,-8.23263,0.0,4501,A3
2025-07-19T08:47:00.200000,4952cd,,,,,,,294.8,,A3
2025-07-19T08:47:00.200000,440c38,,,,,,,188.9,,A3
2025-07-19T08:47:00.200000,40690a,,,,,,,261.9,,A3
2025-07-19T08:47:00.200000,4854c7,,,,,,,248.8,,A3
2025-07-19T08:47:00.200000,490036,,ground,0.0,,39.54911,-8.867952,0.2,,
2025-07-19T08:48:00.400000,4952cd,TAP757P,9400,301.6,202.8,38.885834,-9.153582,9.8,0740,A3
2025-07-19T08:48:00.400000,440cf8,EJU38ZX,37000,442.6,222.0,40.849077,-8.496364,0.2,1127,A3
2025-07-19T08:48:00.400000,3c6496,,30525,,,,,34.3,,
2025-07-19T08:48:00.400000,4ac98a,SWT180,37000,439.6,240.9,39.488342,-6.604455,9.2,2615,A3
2025-07-19T08:48:00.400000,49514b,TAP1240,20775,405.2,44.5,39.338224,-8.454956,0.2,5467,A3
2025-07-19T08:48:00.400000,484aa1,,,,,,,221.0,,
2025-07-19T08:48:00.400000,ad727c,,32275,,,40.576932,-6.576566,0.2,2647,
2025-07-19T08:48:00.400000,a9fa04,AMX020,33000,463.6,261.1,39.294617,-7.090361,0.1,2604,A5
2025-07-19T08:48:00.400000,4951d7,TAP441,36275,427.5,216.0,40.421494,-7.904419,0.1,7653,A3
2025-07-19T08:48:00.400000,4d22ff,,,,,,,133.1,,A3
2025-07-19T08:48:00.400000,45ab4e,JTD563,36975,463.0,193.6,40.308605,-6.931999,1.3,3737,A3
2025-07-19T08:48:00.400000,39d318,TVF33FD,37000,462.2,192.6,40.530333,-6.917142,3.4,7667,A3
2025-07-19T08:48:00.400000,4d22b3,RYR207E,30875,419.9,242.9,39.249344,-7.137352,11.7,5204,A3
2025-07-19T08:48:00.400000,39d30d,TVF48AC,27625,440.5,44.7,39.605255,-8.117284,0.0,4721,A3
2025-07-19T08:48:00.400000,4cae54,RYR4D,36000,440.5,355.3,39.290973,-8.320801,0.1,5461,A3
2025-07-19T08:48:00.400000,495293,TAP1010,33225,455.7,65.9,39.43994,-7.468018,16.7,3345,A3
2025-07-19T08:48:00.400000,4951d5,TAP430,32500,469.5,45.0,40.082035,-7.495859,0.2,4711,A3
2025-07-19T08:48:00.400000,495297,,10325,,,40.658386,-8.623596,37.6,,A3
2025-07-19T08:48:00.400000,4cafd1,RYR4VV,33575,389.6,341.8,39.668279,-7.97583,0.1,2671,A3
2025-07-19T08:48:00.400000,34644b,IBS1501,35000,447.5,208.6,38.383018,-7.7662,12.4,3760,A3
2025-07-19T08:48:00.400000,39d310,TVF68ZE,37000,432.3,227.0,40.191376,-7.692505,0.0,6756,A3
2025-07-19T08:48:00.400000,4952c8,,,,,,,90.4,,A3
2025-07-19T08:48:00.400000,408032,EXS15V,35000,447.4,196.5,38.749237,-8.369313,3.8,2242,A3
2025-07-19T08:48:00.400000,3451d4,VLG9ZP,33700,428.2,342.3,40.356507,-8.279447,0.1,4501,A3
2025-07-19T08:48:00.400000,440c38,,,,,,,249.1,,A3
2025-07-19T08:48:00.400000,490036,,ground,0.0,,39.54911,-8.867952,0.9,,
2025-07-19T08:49:00.500000,40666b,,34975,468.5,185.9,,,4.6,5260,
2025-07-19T08:49:00.500000,4952cd,,9400,,,,,69.9,,A3
2025-07-19T08:49:00.500000,440cf8,,37050,441.1,222.0,40.755386,-8.607117,0.0,1127,A3
2025-07-19T08:49:00.500000,3c6496,,,,,,,94.5,,
2025-07-19T08:49:00.500000,4ac98a,,37000,438.7,240.8,,,12.9,2615,A3
2025-07-19T08:49:00.500000,49514b,TAP1240,22550,420.0,44.4,39.420575,-8.350647,0.0,5467,A3
2025-07-19T08:49:00.500000,484aa1,,37000,447.6,191.9,,,6.5,,
2025-07-19T08:49:00.500000,ad727c,AMX035,33000,465.5,267.4,40.566505,-6.892485,1.6,2647,A5
2025-07-19T08:49:00.500000,a9fa04,AMX020,33000,464.4,260.5,39.272919,-7.259754,0.0,2604,A5
2025-07-19T08:49:00.500000,4951d7,TAP441,35500,430.2,216.0,40.342758,-7.979309,6.0,7653,A3
2025-07-19T08:49:00.500000,4d22ff,,,,,,,193.3,,A3
2025-07-19T08:49:00.500000,45ab4e,JTD563,37000,462.0,193.6,40.186126,-6.970638,1.8,3737,A3
2025-07-19T08:49:00.500000,39d318,TVF33FD,37000,465.5,192.8,40.444382,-6.942444,13.3,6756,A3
2025-07-19T08:49:00.500000,4d22b3,RYR207E,28375,388.8,246.7,39.171524,-7.359228,0.1,5204,A3
2025-07-19T08:49:00.500000,39d30d,TVF48AC,29000,453.3,44.7,39.692254,-8.005859,0.1,4721,A3
2025-07-19T08:49:00.500000,4cae54,RYR4D,36000,442.5,355.3,39.413312,-8.333557,0.0,5461,A3
2025-07-19T08:49:00.500000,495293,,,,,,,76.9,,A3
2025-07-19T08:49:00.500000,4951d5,TAP430,33750,464.6,45.1,40.17798,-7.370765,0.3,4711,A3
2025-07-19T08:49:00.500000,495297,,,,,,,97.8,,A3
2025-07-19T08:49:00.500000,4cafd1,RYR4VV,33000,376.9,341.8,39.769158,-8.018799,0.2,2671,A3
2025-07-19T08:49:00.500000,34644b,,35000,461.8,208.5,38.175201,-7.909806,0.5,3760,A3
2025-07-19T08:49:00.500000,39d310,TVF68ZE,37000,428.0,226.8,40.114156,-7.799794,0.0,6756,A3
2025-07-19T08:49:00.500000,4952c8,,13800,352.3,212.8,39.04184,-9.059123,9.6,3753,A3
2025-07-19T08:49:00.500000,408032,,35000,,,,,49.5,2242,A3
2025-07-19T08:49:00.500000,3451d4,VLG9ZP,32750,433.6,342.3,40.47052,-8.327026,0.0,4501,A3
2025-07-19T08:49:00.500000,490036,,ground,0.0,,39.54911,-8.867952,3.3,,
2025-07-19T08:50:00.700000,408124,,37000,450.3,196.4,,,0.0,1430,
2025-07-19T08:50:00.700000,40666b,EZY38KM,35000,470.5,185.9,40.523211,-7.298105,0.3,5260,A3
2025-07-19T08:50:00.700000,4952cd,,,,,,,130.1,,A3
2025-07-19T08:50:00.700000,440cf8,EJU38ZX,37025,436.2,221.8,40.6658,-8.71272,0.0,1127,A3
2025-07-19T08:50:00.700000,3c6496,,,,,,,154.7,,
2025-07-19T08:50:00.700000,4ac98a,,,,,,,73.1,,A3
2025-07-19T08:50:00.700000,49514b,TAP1240,24350,430.6,44.5,39.505417,-8.242851,0.0,5467,A3
2025-07-19T08:50:00.700000,484aa1,,37000,,,40.597601,-6.956281,0.0,,
2025-07-19T08:50:00.700000,ad727c,AMX035,32975,465.5,267.3,40.559941,-7.080876,0.8,2647,A5
2025-07-19T08:50:00.700000,a9fa04,AMX020,32975,464.4,260.5,39.251541,-7.424369,0.1,2604,A5
2025-07-19T08:50:00.700000,4951d7,TAP441,34250,423.3,215.9,40.222275,-8.093506,0.0,7653,A3
2025-07-19T08:50:00.700000,4d22ff,,,,,,,253.4,,A3
2025-07-19T08:50:00.700000,45ab4e,JTD563,36975,464.2,193.7,40.082245,-7.003479,4.3,3737,A3
2025-07-19T08:50:00.700000,39d318,TVF33FD,37000,462.2,192.6,40.270432,-6.993859,0.1,7667,A3
2025-07-19T08:50:00.700000,4d22b3,RYR207E,26075,389.7,246.7,39.134558,-7.469177,0.4,5204,A3
2025-07-19T08:50:00.700000,39d30d,TVF48AC,30150,460.3,44.7,39.764053,-7.913918,10.5,4721,A3
2025-07-19T08:50:00.700000,4cae54,RYR4D,36000,442.4,355.5,39.536133,-8.346385,0.0,5461,A3
2025-07-19T08:50:00.700000,495293,TAP1010,34000,470.1,66.2,39.551945,-7.14093,8.8,3345,A3
2025-07-19T08:50:00.700000,4951d5,TAP430,34000,475.9,45.1,40.27127,-7.24848,0.1,4711,A3
2025-07-19T08:50:00.700000,495297,TAP1922,6275,269.1,1.5,40.86557,-8.616089,0.2,4416,A3
2025-07-19T08:50:00.700000,4cafd1,RYR4VV,32800,373.8,341.8,39.868454,-8.061462,0.1,2671,A3
2025-07-19T08:50:00.700000,34644b,,35000,461.8,208.5,38.175201,-7.909806,1.8,3760,A3
2025-07-19T08:50:00.700000,39d310,TVF68ZE,37000,433.0,226.9,40.028407,-7.919145,0.0,6756,A3
2025-07-19T08:50:00.700000,4952c8,TAP675,11775,311.7,206.5,38.921674,-9.139221,1.1,3753,A3
2025-07-19T08:50:00.700000,408032,,,,,,,109.7,,A3
2025-07-19T08:50:00.700000,3451d4,VLG9ZP,31900,431.7,342.2,40.484619,-8.332886,6.6,4501,A3
2025-07-19T08:50:00.700000,490036,,ground,0.0,,39.54911,-8.867952,3.6,,
2025-07-19T08:51:00.900000,347555,LER2920,40000,489.2,76.2,39.379532,-8.744281,0.3,3365,A5
2025-07-19T08:51:00.900000,408124,EXS17BV,37000,451.2,196.3,40.248276,-7.824341,0.1,1430,A3
2025-07-19T08:51:00.900000,40666b,EZY38KM,35050,470.5,185.9,40.412975,-7.3129,0.9,5260,A3
2025-07-19T08:51:00.900000,4952cd,,,,,,,190.3,,A3
2025-07-19T08:51:00.900000,440cf8,EJU38ZX,37000,435.6,221.7,40.584148,-8.808726,4.6,1127,A3
2025-07-19T08:51:00.900000,3c6496,,,,,,,214.9,,
2025-07-19T08:51:00.900000,4ac98a,SWT180,37000,437.9,240.7,39.2948,-7.051312,0.7,2615,A3
2025-07-19T08:51:00.900000,49514b,TAP1240,25950,439.8,44.6,39.591476,-8.133167,0.1,5467,A3
2025-07-19T08:51:00.900000,484aa1,,37000,448.3,191.7,40.597601,-6.956281,12.0,3730,
2025-07-19T08:51:00.900000,ad727c,AMX035,32975,466.6,267.2,40.552539,-7.28019,0.3,2647,A5
2025-07-19T08:51:00.900000,a9fa04,AMX020,33000,462.3,260.5,39.229797,-7.589284,0.0,2604,A5
2025-07-19T08:51:00.900000,4951d7,TAP441,33650,418.3,214.7,40.126958,-8.182068,0.1,7653,A3
2025-07-19T08:51:00.900000,45ab4e,,,,,,,64.5,3737,A3
2025-07-19T08:51:00.900000,39d318,TVF33FD,37025,462.2,192.6,40.177734,-7.021057,0.1,7667,A3
2025-07-19T08:51:00.900000,4d22b3,RYR207E,25075,385.6,246.6,39.115285,-7.526489,34.5,5204,A3
2025-07-19T08:51:00.900000,39d30d,,,,,,,70.6,,A3
2025-07-19T08:51:00.900000,4cae54,RYR4D,36000,440.5,355.3,39.658264,-8.359103,0.0,5461,A3
2025-07-19T08:51:00.900000,495293,TAP1010,34000,468.4,66.3,39.608227,-6.975769,0.2,3345,A3
2025-07-19T08:51:00.900000,4951d5,TAP430,33675,475.9,45.1,40.298813,-7.212402,1.7,4711,A3
2025-07-19T08:51:00.900000,495297,TAP1922,4875,258.1,1.6,40.938224,-8.613406,0.4,4416,A3
2025-07-19T08:51:00.900000,4cafd1,RYR4VV,28650,422.2,341.8,39.973988,-8.106662,0.0,2671,A3
2025-07-19T08:51:00.900000,34644b,IBS1501,35025,460.4,208.4,38.041901,-8.000852,43.1,3760,A3
2025-07-19T08:51:00.900000,39d310,TVF68ZE,37000,428.7,226.5,39.945786,-8.032898,0.1,6756,A3
2025-07-19T08:51:00.900000,4952c8,TAP675,10825,297.4,206.6,38.881302,-9.165105,32.9,3753,A3
2025-07-19T08:51:00.900000,408032,,,,,,,169.9,,A3
2025-07-19T08:51:00.900000,3451d4,,31125,424.4,342.2,40.608627,-8.384888,22.0,4501,A3
2025-07-19T08:51:00.900000,490036,,ground,0.0,,39.54911,-8.867952,0.3,,
2025-07-19T08:52:01.100000,495219,TAP470,16475,383.3,46.1,39.190886,-8.641113,0.2,4724,A3
2025-07-19T08:52:01.100000,4ca61b,,37000,432.8,208.9,,,1.0,1166,
2025-07-19T08:52:01.100000,4951ce,,35000,424.6,216.6,,,5.9,,
2025-07-19T08:52:01.100000,3445d4,,33000,426.0,241.4,,,23.7,2651,
2025-07-19T08:52:01.100000,347555,LER2920,40000,491.1,76.2,39.412009,-8.574097,0.1,3365,A5
2025-07-19T08:52:01.100000,408124,EXS17BV,37000,456.3,196.3,40.11681,-7.8747,0.1,1430,A3
2025-07-19T08:52:01.100000,40666b,EZY38KM,35025,466.4,185.8,40.289246,-7.329346,0.6,5260,A3
2025-07-19T08:52:01.100000,4952cd,,,,,,,250.5,,A3
2025-07-19T08:52:01.100000,440cf8,,37000,435.6,221.7,40.584148,-8.808726,29.4,,A3
2025-07-19T08:52:01.100000,3c6496,,,,,,,275.1,,
2025-07-19T08:52:01.100000,4ac98a,SWT180,37000,439.1,238.4,39.232829,-7.192444,0.0,2615,A3
2025-07-19T08:52:01.100000,49514b,TAP1240,27275,451.8,44.7,39.680099,-8.019602,0.0,5467,A3
2025-07-19T08:52:01.100000,484aa1,,37000,451.5,191.8,,,20.1,3730,
2025-07-19T08:52:01.100000,ad727c,AMX035,32975,464.6,267.0,40.546301,-7.441739,0.6,2647,A5
2025-07-19T08:52:01.100000,a9fa04,AMX020,32975,464.6,260.3,39.208145,-7.753303,0.1,2604,A5
2025-07-19T08:52:01.100000,4951d7,TAP441,32850,420.6,215.1,40.031296,-8.268921,0.0,7653,A3
2025-07-19T08:52:01.100000,45ab4e,,,,,,,124.7,,A3
2025-07-19T08:52:01.100000,39d318,TVF33FD,37000,464.3,192.7,40.110246,-7.040738,15.7,7667,A3
2025-07-19T08:52:01.100000,4d22b3,,,,,,,52.6,5675,A3
2025-07-19T08:52:01.100000,39d30d,,33050,476.6,45.0,39.959106,-7.661377,2.6,4721,A3
2025-07-19T08:52:01.100000,4cae54,RYR4D,36000,440.5,355.3,39.780842,-8.372192,0.1,5461,A3
2025-07-19T08:52:01.100000,495293,TAP1010,33975,467.1,66.4,39.630991,-6.90863,37.0,3345,A3
2025-07-19T08:52:01.100000,4951d5,TAP441,34000,475.2,45.3,,,7.3,7653,A3
2025-07-19T08:52:01.100000,495297,TAP1922,4050,257.0,358.9,40.982895,-8.612793,23.6,4416,A3
2025-07-19T08:52:01.100000,4cafd1,RYR4VV,25825,413.3,339.5,40.085247,-8.155164,0.1,2671,A3
2025-07-19T08:52:01.100000,34644b,,,,,,,49.7,,A3
2025-07-19T08:52:01.100000,39d310,TVF68ZE,37000,428.0,226.6,39.864636,-8.14447,0.1,6756,A3
2025-07-19T08:52:01.100000,4952c8,,,,,,,93.0,,A3
2025-07-19T08:52:01.100000,408032,,,,,,,230.1,,A3
2025-07-19T08:52:01.100000,3451d4,,30125,421.2,342.2,,,21.1,,A3
2025-07-19T08:52:01.100000,490036,,ground,0.0,,39.549105,-8.867966,0.2,,
2025-07-19T08:53:01.300000,495219,TAP470,18550,399.6,46.1,39.267929,-8.538288,0.0,4724,A3
2025-07-19T08:53:01.300000,4ca61b,RYR404M,37000,433.4,209.3,40.505707,-8.195426,0.1,1166,A3
2025-07-19T08:53:01.300000,4951ce,,34975,,,,,0.6,,
2025-07-19T08:53:01.300000,3445d4,,33000,425.1,241.3,39.491613,-6.585449,6.8,2651,
2025-07-19T08:53:01.300000,347555,LER2920,40000,491.9,76.4,39.444828,-8.400391,0.1,3365,A5
2025-07-19T08:53:01.300000,408124,EXS17BV,37000,454.1,196.2,39.995407,-7.921204,0.1,1430,A3
2025-07-19T08:53:01.300000,40666b,EZY38KM,35000,466.4,185.8,40.135105,-7.349978,0.3,5260,A3
2025-07-19T08:53:01.300000,440cf8,,,,,,,89.5,,A3
2025-07-19T08:53:01.300000,4ac98a,SWT180,37000,447.3,227.4,39.155134,-7.312378,0.1,2615,A3
2025-07-19T08:53:01.300000,49514b,TAP1240,28525,458.9,44.7,39.765198,-7.910216,1.3,5467,A3
2025-07-19T08:53:01.300000,484aa1,TRA15U,37000,451.1,191.5,40.25507,-7.048479,0.2,3730,A3
2025-07-19T08:53:01.300000,ad727c,AMX035,33000,461.7,266.9,40.540575,-7.586871,2.9,2647,A5
2025-07-19T08:53:01.300000,a9fa04,AMX020,33000,465.7,260.2,39.188372,-7.900879,0.0,2604,A5
2025-07-19T08:53:01.300000,4951d7,TAP441,32525,421.2,215.2,39.935211,-8.356934,0.0,7653,A3
2025-07-19T08:53:01.300000,45ab4e,,37000,458.9,193.6,,,0.0,3737,A3
2025-07-19T08:53:01.300000,39d318,,,,,,,75.9,,A3
2025-07-19T08:53:01.300000,4d22b3,RYR207E,19350,358.2,246.3,39.004537,-7.852722,0.0,5204,A3
2025-07-19T08:53:01.300000,39d30d,,34325,476.6,45.0,39.959106,-7.661377,26.1,4721,A3
2025-07-19T08:53:01.300000,4cae54,RYR4D,36000,439.5,355.3,39.903368,-8.385071,0.1,5461,A3
2025-07-19T08:53:01.300000,495293,,,,,,,97.2,,A3
2025-07-19T08:53:01.300000,4951d5,,,,,,,67.5,,A3
2025-07-19T08:53:01.300000,495297,,,,,,,83.8,,A3
2025-07-19T08:53:01.300000,4cafd1,RYR4VV,21800,419.1,338.9,40.182266,-8.204163,0.0,2671,A3
2025-07-19T08:53:01.300000,34644b,,,,,,,109.9,,A3
2025-07-19T08:53:01.300000,39d310,TVF68ZE,37000,428.7,226.5,39.782227,-8.2573,0.1,6756,A3
2025-07-19T08:53:01.300000,4952c8,,,,,,,153.2,,A3
2025-07-19T08:53:01.300000,408032,,,,,,,290.3,,A3
2025-07-19T08:53:01.300000,3451d4,,,,,,,38.8,,A3
2025-07-19T08:53:01.300000,490036,,ground,0.0,,39.549105,-8.867966,2.5,,
2025-07-19T08:54:00.400000,4ca75f,RYR7WL,37000,442.0,196.7,40.694183,-7.638428,5.5,5266,A3
2025-07-19T08:54:00.400000,406670,,35000,465.1,185.4,,,1.5,5255,
2025-07-19T08:54:00.400000,495219,TAP470,20700,408.8,46.2,39.34433,-8.436127,0.1,4724,A3
2025-07-19T08:54:00.400000,4ca61b,RYR404M,35600,428.9,209.3,40.400345,-8.272705,0.3,1166,A3
2025-07-19T08:54:00.400000,4951ce,TAP443,35000,424.0,216.5,40.7547,-7.581543,1.5,7674,A3
2025-07-19T08:54:00.400000,3445d4,,33000,425.1,241.3,39.491613,-6.585449,7.6,,
2025-07-19T08:54:00.400000,347555,LER2920,40000,489.7,76.4,39.476298,-8.232483,0.0,3365,A5
2025-07-19T08:54:00.400000,408124,EXS17BV,37000,457.3,196.3,39.877762,-7.966103,0.4,1430,A3
2025-07-19T08:54:00.400000,40666b,EZY38KM,35000,468.4,185.8,40.007034,-7.366943,0.4,5260,A3
2025-07-19T08:54:00.400000,440cf8,,,,,,,148.7,,A3
2025-07-19T08:54:00.400000,4ac98a,SWT180,37000,448.6,227.2,39.072923,-7.426453,0.0,2615,A3
2025-07-19T08:54:00.400000,49514b,,29225,458.9,44.7,39.77116,-7.902527,27.6,5467,A3
2025-07-19T08:54:00.400000,484aa1,TRA15U,37025,450.5,191.8,40.11145,-7.087219,0.6,3730,A3
2025-07-19T08:54:00.400000,ad727c,AMX035,33000,463.7,266.9,40.533279,-7.762512,0.3,2647,A5
2025-07-19T08:54:00.400000,a9fa04,AMX020,33000,467.9,260.2,39.164703,-8.076026,0.8,2604,A5
2025-07-19T08:54:00.400000,4951d7,TAP441,32275,417.0,215.1,39.846248,-8.438293,0.1,7653,A3
2025-07-19T08:54:00.400000,45ab4e,JTD563,37000,457.5,193.4,39.559161,-7.167419,0.1,3737,A3
2025-07-19T08:54:00.400000,39d318,,,,,,,135.0,,A3
2025-07-19T08:54:00.400000,4d22b3,RYR207E,17400,346.5,246.2,38.965897,-7.965625,0.1,5204,A3
2025-07-19T08:54:00.400000,39d30d,,36075,458.9,45.1,,,2.0,,A3
2025-07-19T08:54:00.400000,4cae54,RYR4D,36000,436.5,355.3,40.021611,-8.397675,0.1,5461,A3
2025-07-19T08:54:00.400000,495293,,,,,,,156.3,,A3
2025-07-19T08:54:00.400000,4951d5,,,,,,,126.6,,A3
2025-07-19T08:54:00.400000,495297,,,,,,,142.9,,A3
2025-07-19T08:54:00.400000,4cafd1,RYR4VV,17975,408.4,338.9,40.290031,-8.25841,1.9,2671,A3
2025-07-19T08:54:00.400000,34644b,,,,,,,169.0,,A3
2025-07-19T08:54:00.400000,39d310,TVF68ZE,37000,430.1,226.5,39.702216,-8.366699,0.0,6756,A3
2025-07-19T08:54:00.400000,4952c8,,,,,,,212.4,,A3
2025-07-19T08:54:00.400000,3451d4,,27900,,,,,0.2,,A3
2025-07-19T08:54:00.400000,490036,,ground,0.0,,39.549105,-8.867966,1.6,,
2025-07-19T08:55:00.600000,4ca75f,RYR7WL,37000,441.4,196.6,40.583725,-7.681885,5.7,5266,A3
2025-07-19T08:55:00.600000,406670,EZY45DH,34950,466.1,185.4,40.67972,-7.305097,0.2,5255,A3
2025-07-19T08:55:00.600000,495219,TAP470,22525,422.9,44.2,39.427045,-8.331787,0.0,4724,A3
2025-07-19T08:55:00.600000,4ca61b,RYR404M,33850,426.6,209.0,40.297531,-8.347778,0.0,1166,A3
2025-07-19T08:55:00.600000,4951ce,,35000,426.2,216.4,40.628723,-7.703491,2.3,7674,A3
2025-07-19T08:55:00.600000,3445d4,,33000,,,,,53.8,,
2025-07-19T08:55:00.600000,347555,LER2920,40000,488.5,76.5,39.507706,-8.063427,0.0,3365,A5
2025-07-19T08:55:00.600000,408124,EXS17BV,37000,453.2,196.3,39.754028,-8.013123,0.0,1430,A3
2025-07-19T08:55:00.600000,40666b,EZY38KM,35000,468.4,185.8,40.007034,-7.366943,55.1,5260,A3
2025-07-19T08:55:00.600000,440cf8,,,,,,,208.9,,A3
2025-07-19T08:55:00.600000,4ac98a,SWT180,37000,448.6,227.2,39.058273,-7.44676,18.1,2615,A3
2025-07-19T08:55:00.600000,49514b,,30825,476.6,45.0,39.950684,-7.670532,0.3,5467,A3
2025-07-19T08:55:00.600000,484aa1,,37000,450.5,191.8,40.101913,-7.089802,27.3,3730,A3
2025-07-19T08:55:00.600000,ad727c,AMX035,33000,465.8,266.7,40.526138,-7.930176,1.0,2647,A5
2025-07-19T08:55:00.600000,a9fa04,AMX020,33000,468.2,259.9,39.142285,-8.239502,0.2,2604,A5
2025-07-19T08:55:00.600000,4951d7,TAP441,32025,428.6,215.0,39.747208,-8.528376,0.4,7653,A3
2025-07-19T08:55:00.600000,45ab4e,JTD563,37000,457.7,193.5,39.457443,-7.198851,0.1,3737,A3
2025-07-19T08:55:00.600000,39d318,TVF33FD,37000,457.8,192.5,39.643661,-7.176401,0.1,7667,A3
2025-07-19T08:55:00.600000,4d22b3,RYR207E,15575,343.9,246.3,38.932521,-8.062927,7.2,5204,A3
2025-07-19T08:55:00.600000,39d30d,,37600,,,,,1.0,,A3
2025-07-19T08:55:00.600000,4cae54,RYR4D,36000,432.4,355.4,40.143356,-8.410583,0.0,5461,A3
2025-07-19T08:55:00.600000,495293,,,,,,,216.5,,A3
2025-07-19T08:55:00.600000,4951d5,,,,,,,186.8,,A3
2025-07-19T08:55:00.600000,495297,,,,,,,203.1,,A3
2025-07-19T08:55:00.600000,4cafd1,RYR4VV,15750,400.8,338.9,40.321407,-8.274141,25.3,,A3
2025-07-19T08:55:00.600000,34644b,,,,,,,229.2,,A3
2025-07-19T08:55:00.600000,39d310,TVF68ZE,37000,430.8,226.4,39.618515,-8.480591,0.1,6756,A3
2025-07-19T08:55:00.600000,4952c8,,,,,,,272.6,,A3
2025-07-19T08:55:00.600000,3451d4,,27850,,,,,49.0,4501,A3
2025-07-19T08:55:00.600000,490036,,ground,0.0,,39.54911,-8.867952,1.6,,
2025-07-19T08:56:00.800000,346355,VLG33BZ,9650,312.2,83.2,41.330241,-8.429198,3.0,3374,A3
2025-07-19T08:56:00.800000,4ca75f,,37000,444.5,196.6,40.429779,-7.742126,0.2,5266,A3
2025-07-19T08:56:00.800000,406670,EZY45DH,35000,471.1,185.4,40.548861,-7.321327,0.1,5255,A3
2025-07-19T08:56:00.800000,495219,TAP470,24350,432.8,44.4,39.511724,-8.224854,0.1,4724,A3
2025-07-19T08:56:00.800000,4ca61b,RYR404M,32925,443.7,209.3,40.190231,-8.42572,0.0,1166,A3
2025-07-19T08:56:00.800000,4951ce,TAP443,35000,425.6,216.3,40.548203,-7.781067,1.1,7674,A3
2025-07-19T08:56:00.800000,3445d4,,33000,,,39.323547,-6.980498,1.3,,
2025-07-19T08:56:00.800000,347555,LER2920,40000,487.3,76.6,39.539516,-7.890747,0.0,3365,A5
2025-07-19T08:56:00.800000,408124,EXS17BV,37000,452.2,196.3,39.633682,-8.058412,0.3,1430,A3
2025-07-19T08:56:00.800000,40666b,,,,,,,115.3,,A3
2025-07-19T08:56:00.800000,440cf8,,,,,,,269.1,,A3
2025-07-19T08:56:00.800000,4ac98a,SWT180,37000,449.3,226.9,38.903091,-7.660158,1.3,2615,A3
2025-07-19T08:56:00.800000,49514b,TAP1240,31825,483.7,45.0,40.043289,-7.549988,0.3,5467,A3
2025-07-19T08:56:00.800000,484aa1,,,,,,,87.5,,A3
2025-07-19T08:56:00.800000,ad727c,AMX035,32975,465.8,266.7,40.517764,-8.120519,0.3,2647,A5
2025-07-19T08:56:00.800000,a9fa04,AMX020,33000,469.2,259.9,39.120758,-8.395585,0.3,2604,A5
2025-07-19T08:56:00.800000,4951d7,TAP441,30775,446.9,214.8,39.645422,-8.620544,0.1,7653,A3
2025-07-19T08:56:00.800000,45ab4e,JTD563,37000,459.6,193.5,39.31073,-7.244349,0.0,3737,A3
2025-07-19T08:56:00.800000,39d318,TVF33FD,37000,454.7,192.4,39.518143,-7.212286,0.1,7667,A3
2025-07-19T08:56:00.800000,4d22b3,RYR207E,13750,339.8,246.2,38.915064,-8.11377,12.4,5204,A3
2025-07-19T08:56:00.800000,39d30d,,37975,454.0,45.2,,,24.8,7107,A3
2025-07-19T08:56:00.800000,4cae54,RYR4D,36000,430.4,355.3,40.26196,-8.42333,0.2,5461,A3
2025-07-19T08:56:00.800000,495293,,,,,,,276.7,,A3
2025-07-19T08:56:00.800000,4951d5,,,,,,,247.0,,A3
2025-07-19T08:56:00.800000,495297,,,,,,,263.3,,A3
2025-07-19T08:56:00.800000,4cafd1,,13650,,,,,36.4,,A3
2025-07-19T08:56:00.800000,34644b,,,,,,,289.4,,A3
2025-07-19T08:56:00.800000,39d310,TVF68ZE,37000,430.7,226.2,39.536041,-8.592324,0.0,6756,A3
2025-07-19T08:56:00.800000,3451d4,,,,,,,109.2,,A3
2025-07-19T08:56:00.800000,490036,,ground,0.0,,39.54911,-8.867952,1.2,,
2025-07-19T08:57:01,505d98,EXS17MB,37000,450.1,183.9,,,1.9,7503,
2025-07-19T08:57:01,407f63,,37000,468.2,192.0,,,4.1,7573,
2025-07-19T08:57:01,346355,,9650,312.2,83.2,41.330241,-8.429198,63.2,,A3
2025-07-19T08:57:01,4ca75f,RYR7WL,37000,443.3,196.5,40.308978,-7.789119,0.5,5266,A3
2025-07-19T08:57:01,406670,EZY45DH,35050,472.1,185.3,40.419388,-7.337219,0.2,5255,A3
2025-07-19T08:57:01,495219,TAP470,26025,442.7,44.5,39.59967,-8.113224,0.0,4724,A3
2025-07-19T08:57:01,4ca61b,RYR404M,32050,447.2,209.0,40.082268,-8.504042,0.0,1166,A3
2025-07-19T08:57:01,4951ce,TAP443,35025,425.8,216.1,40.397054,-7.926136,0.2,7674,A3
2025-07-19T08:57:01,3445d4,IBE05EE,33000,417.2,241.0,39.257828,-7.13269,0.4,2651,A3
2025-07-19T08:57:01,347555,LER2920,40000,489.0,76.8,39.570706,-7.720215,0.0,3365,A5
2025-07-19T08:57:01,408124,EXS17BV,37000,454.1,196.2,39.512329,-8.10385,0.2,1430,A3
2025-07-19T08:57:01,40666b,EZY38KM,35050,468.4,185.8,39.617065,-7.418518,0.4,5260,A3
2025-07-19T08:57:01,4ac98a,SWT180,37000,450.0,227.0,38.836298,-7.751648,0.2,2615,A3
2025-07-19T08:57:01,49514b,TAP1240,33200,478.7,45.1,40.141715,-7.421577,0.2,5467,A3
2025-07-19T08:57:01,484aa1,,,,,,,147.7,,A3
2025-07-19T08:57:01,ad727c,AMX035,33000,467.9,266.4,40.510083,-8.287749,1.1,2647,A5
2025-07-19T08:57:01,a9fa04,AMX020,32975,469.6,259.7,39.096359,-8.569515,0.1,2604,A5
2025-07-19T08:57:01,4951d7,TAP441,28300,446.1,214.9,39.543612,-8.712158,0.0,7653,A3
2025-07-19T08:57:01,45ab4e,JTD563,37000,462.5,193.4,39.185719,-7.282898,0.0,3737,A3
2025-07-19T08:57:01,39d318,TVF33FD,37000,454.9,192.6,39.397717,-7.246826,0.0,7667,A3
2025-07-19T08:57:01,4d22b3,,,,,,,72.6,,A3
2025-07-19T08:57:01,39d30d,,38000,,,40.385975,-7.100476,3.3,,A3
2025-07-19T08:57:01,4cae54,RYR4D,36000,431.5,355.2,40.382344,-8.436252,0.0,5461,A3
2025-07-19T08:57:01,4cafd1,,,,,,,96.6,,A3
2025-07-19T08:57:01,39d310,TVF68ZE,37000,430.7,226.2,39.453441,-8.703857,0.0,6756,A3
2025-07-19T08:57:01,3451d4,,,,,,,169.4,,A3
2025-07-19T08:57:01,490036,,ground,0.0,,39.54911,-8.867952,0.3,,
2025-07-19T08:58:01.200000,4d207c,,37000,,,,,0.6,7141,
2025-07-19T08:58:01.200000,505d98,,37000,451.0,183.8,40.455643,-7.411865,0.2,7503,
2025-07-19T08:58:01.200000,407f63,,,,,,,52.3,,
2025-07-19T08:58:01.200000,346355,,,,,,,123.3,,A3
2025-07-19T08:58:01.200000,4ca75f,RYR7WL,37000,449.6,196.5,40.184555,-7.837341,0.2,5266,A3
2025-07-19T08:58:01.200000,406670,EZY45DH,35025,467.0,185.3,40.288193,-7.353149,0.0,5255,A3
2025-07-19T08:58:01.200000,495219,TAP470,27450,453.3,44.6,39.688202,-8.000375,0.0,4724,A3
2025-07-19T08:58:01.200000,4ca61b,RYR404M,31125,454.4,209.1,39.972702,-8.58313,0.1,1166,A3
2025-07-19T08:58:01.200000,4951ce,TAP443,35000,425.8,216.1,40.316116,-8.003479,9.4,7674,A3
2025-07-19T08:58:01.200000,3445d4,IBE05EE,32975,416.5,251.1,39.208064,-7.268677,0.1,2651,A3
2025-07-19T08:58:01.200000,347555,LER2920,40000,489.7,76.9,39.600082,-7.557519,1.2,3365,A5
2025-07-19T08:58:01.200000,408124,EXS17BV,37000,454.7,196.5,39.390701,-8.149766,0.0,1430,A3
2025-07-19T08:58:01.200000,40666b,EZY38KM,35000,467.4,185.8,39.49498,-7.4344,1.0,5260,A3
2025-07-19T08:58:01.200000,4ac98a,SWT180,37000,450.6,226.7,38.731229,-7.89502,1.2,2615,A3
2025-07-19T08:58:01.200000,49514b,TAP1240,34000,468.1,45.2,40.232446,-7.30235,0.5,5467,A3
2025-07-19T08:58:01.200000,484aa1,TRA15U,37000,444.8,191.4,39.619027,-7.218689,0.0,3730,A3
2025-07-19T08:58:01.200000,ad727c,AMX035,33000,466.9,266.4,40.501694,-8.464539,0.1,2647,A5
2025-07-19T08:58:01.200000,a9fa04,AMX020,33000,470.4,259.8,39.085678,-8.645142,26.2,2604,A5
2025-07-19T08:58:01.200000,4951d7,TAP441,25950,434.1,214.7,39.44413,-8.801392,0.2,7653,A3
2025-07-19T08:58:01.200000,45ab4e,JTD563,36450,454.3,193.4,39.062309,-7.320557,0.2,3737,A3
2025-07-19T08:58:01.200000,39d318,TVF33FD,37000,457.8,192.5,39.271701,-7.282837,0.0,7667,A3
2025-07-19T08:58:01.200000,4d22b3,RYR207E,10550,291.9,246.2,38.816391,-8.39857,0.2,5204,A3
2025-07-19T08:58:01.200000,39d30d,,,,,,,63.5,,A3
2025-07-19T08:58:01.200000,4cae54,RYR4D,36000,432.4,355.4,40.500168,-8.448986,0.4,5461,A3
2025-07-19T08:58:01.200000,4cafd1,,,,,,,156.8,,A3
2025-07-19T08:58:01.200000,39d310,TVF68ZE,37000,433.6,226.2,39.38445,-8.796692,8.8,6756,A3
2025-07-19T08:58:01.200000,3451d4,,,,,,,229.6,,A3
2025-07-19T08:58:01.200000,490036,,ground,0.0,,39.54911,-8.867952,0.4,,
2025-07-19T08:59:01.300000,4bab27,,32625,413.5,256.4,,,1.0,4011,
2025-07-19T08:59:01.300000,39666f,FPO758,34000,468.9,46.3,37.889786,-6.651228,9.9,5442,
2025-07-19T08:59:01.300000,4d207c,,37000,,,,,60.8,7141,
2025-07-19T08:59:01.300000,505d98,EXS17MB,37000,459.0,183.9,40.333417,-7.422763,0.3,7503,
2025-07-19T08:59:01.300000,407f63,,,,,,,112.5,,
2025-07-19T08:59:01.300000,346355,,,,,,,183.5,,A3
2025-07-19T08:59:01.300000,4ca75f,RYR7WL,37000,449.6,196.5,40.064951,-7.883377,0.0,5266,A3
2025-07-19T08:59:01.300000,406670,EZY45DH,34950,467.0,185.3,40.163864,-7.368408,0.1,5255,A3
2025-07-19T08:59:01.300000,495219,TAP470,28675,461.7,44.7,39.77116,-7.894287,5.3,4724,A3
2025-07-19T08:59:01.300000,4ca61b,RYR404M,30175,460.1,208.8,39.860354,-8.664062,0.1,1166,A3
2025-07-19T08:59:01.300000,4951ce,TAP443,35000,425.8,215.0,40.20488,-8.108093,0.1,7674,A3
2025-07-19T08:59:01.300000,3445d4,IBE05EE,33000,415.9,252.2,39.173584,-7.410398,0.1,2651,A3
2025-07-19T08:59:01.300000,347555,LER2920,40000,492.4,77.1,39.632401,-7.377081,0.4,3365,A5
2025-07-19T08:59:01.300000,408124,EXS17BV,37000,454.8,196.1,39.269485,-8.195562,0.1,1430,A3
2025-07-19T08:59:01.300000,40666b,EZY38KM,35000,466.4,185.8,39.360397,-7.452014,0.3,5260,A3
2025-07-19T08:59:01.300000,4ac98a,SWT180,37000,450.6,226.7,38.685654,-7.956848,0.5,2615,A3
2025-07-19T08:59:01.300000,49514b,TAP1240,34000,464.6,45.1,40.278442,-7.241882,8.2,5467,A3
2025-07-19T08:59:01.300000,484aa1,TRA15U,37000,442.1,191.6,39.499434,-7.250183,0.1,3730,A3
2025-07-19T08:59:01.300000,ad727c,AMX035,33000,466.0,266.3,40.493464,-8.634567,0.2,2647,A5
2025-07-19T08:59:01.300000,a9fa04,,,,,,,86.4,,A5
2025-07-19T08:59:01.300000,4951d7,TAP441,23575,415.3,214.8,39.346069,-8.889193,0.4,7653,A3
2025-07-19T08:59:01.300000,45ab4e,JTD563,35475,445.1,193.4,38.945618,-7.356063,1.2,3737,A3
2025-07-19T08:59:01.300000,39d318,TVF33FD,37000,459.8,192.4,39.146382,-7.318604,0.0,7667,A3
2025-07-19T08:59:01.300000,4d22b3,RYR207E,10050,284.3,246.1,38.803106,-8.436829,31.4,5204,A3
2025-07-19T08:59:01.300000,39d30d,,,,,,,123.7,,A3
2025-07-19T08:59:01.300000,4cae54,RYR4D,36000,433.5,355.2,40.613892,-8.461304,1.0,5461,A3
2025-07-19T08:59:01.300000,4cafd1,,,,,,,217.0,,A3
2025-07-19T08:59:01.300000,39d310,TVF68ZE,37000,437.1,226.1,39.315262,-8.889492,3.1,7667,A3
2025-07-19T08:59:01.300000,3451d4,,,,,,,289.7,,A3
2025-07-19T08:59:01.300000,490036,,ground,0.0,,39.549105,-8.867966,1.1,,
